559.830017 0.480000
559.150024 0.480000
557.789978 0.480000
557.450012 0.480000
557.109985 0.480000
556.770020 0.480000
556.429993 0.480000
556.090027 0.480000
555.070007 0.480000
554.390015 1.160000
553.710022 1.160000
553.030029 1.160000
552.349976 1.200000
552.010010 1.200000
551.330017 1.160000
550.989990 1.200000
550.650024 1.200000
549.630005 1.200000
548.270020 1.200000
547.590027 1.200000
546.909973 1.200000
546.570007 1.200000
545.890015 1.200000
545.549988 1.200000
545.210022 1.200000
544.190002 1.200000
542.830017 1.200000
542.150024 1.200000
541.469971 1.200000
541.130005 1.200000
540.450012 1.200000
540.109985 1.200000
539.770020 1.200000
538.750000 1.200000
537.390015 1.200000
536.710022 1.200000
536.030029 1.200000
535.690002 1.200000
535.010010 1.200000
534.669983 1.200000
534.330017 1.200000
533.309998 1.200000
531.950012 1.200000
531.270020 1.200000
530.590027 1.240000
529.570007 1.240000
528.890015 1.240000
527.530029 1.240000
524.130005 1.240000
523.450012 1.240000
522.090027 1.240000
518.690002 1.240000
518.010010 1.240000
516.650024 1.240000
512.909973 1.280000
512.570007 1.240000
511.890015 1.280000
529.229980 1.240000
511.549988 1.280000
527.869995 1.240000
510.869995 1.280000
526.510010 1.240000
510.190002 1.280000
525.150024 1.240000
509.510010 1.280000
509.170013 1.280000
523.789978 1.240000
508.829987 1.280000
522.429993 1.240000
508.149994 1.280000
521.070007 1.240000
507.470001 1.280000
519.710022 1.240000
506.790009 1.280000
519.030029 1.240000
506.450012 1.280000
518.349976 1.240000
506.109985 1.280000
516.989990 1.240000
505.429993 1.280000
515.630005 1.240000
504.750000 1.280000
514.270020 1.240000
504.070007 1.280000
513.590027 1.240000
503.730011 1.280000
502.709991 1.280000
502.029999 1.280000
501.350006 1.280000
501.010010 1.280000
499.989990 1.280000
499.309998 1.320000
498.630005 1.280000
498.290009 1.320000
497.269989 1.280000
496.589996 1.320000
495.910004 1.320000
495.570007 1.320000
494.890015 1.320000
494.549988 1.320000
493.869995 1.320000
493.190002 1.320000
492.510010 1.320000
492.170013 1.320000
491.829987 1.320000
491.149994 1.320000
490.470001 1.320000
489.790009 1.320000
489.450012 1.320000
489.109985 1.320000
488.429993 1.320000
487.750000 1.320000
487.070007 1.320000
486.730011 1.320000
485.709991 1.320000
485.029999 1.320000
484.350006 1.360000
484.010010 1.360000
483.670013 1.320000
482.989990 1.360000
482.309998 1.320000
481.630005 1.360000
481.290009 1.360000
480.950012 1.360000
480.269989 1.360000
479.589996 1.360000
478.910004 1.360000
478.570007 1.360000
478.230011 1.360000
477.890015 1.360000
477.549988 1.360000
476.869995 1.360000
476.190002 1.360000
475.510010 1.360000
475.170013 1.360000
474.829987 1.360000
474.149994 1.360000
473.470001 1.360000
472.790009 1.360000
472.450012 1.360000
472.109985 1.360000
471.429993 1.360000
470.750000 1.360000
470.070007 1.360000
469.730011 1.360000
469.390015 1.360000
468.709991 1.360000
468.029999 1.400000
467.350006 1.400000
467.010010 1.400000
466.670013 1.400000
465.989990 1.400000
465.309998 1.400000
464.630005 1.400000
464.290009 1.400000
463.950012 1.400000
463.269989 1.400000
462.589996 1.400000
461.910004 1.400000
461.570007 1.400000
461.230011 1.400000
460.890015 1.400000
460.549988 1.400000
459.869995 1.400000
459.190002 1.400000
458.510010 1.400000
458.170013 1.400000
457.829987 1.400000
457.149994 1.400000
456.470001 1.400000
455.790009 1.400000
455.450012 1.440000
455.109985 1.440000
454.429993 1.440000
453.750000 1.440000
453.070007 1.440000
452.730011 1.440000
451.709991 1.440000
451.029999 1.440000
450.350006 1.440000
450.010010 1.440000
449.670013 1.440000
448.989990 1.440000
448.309998 1.440000
447.630005 1.440000
447.290009 1.440000
446.950012 1.440000
446.269989 1.440000
445.589996 1.440000
444.910004 1.440000
444.570007 1.440000
444.230011 1.440000
443.890015 1.440000
443.549988 1.440000
442.869995 1.480000
442.190002 1.480000
441.510010 1.440000
441.170013 1.480000
440.829987 1.480000
440.149994 1.480000
439.470001 1.480000
438.790009 1.480000
438.450012 1.480000
438.109985 1.480000
437.429993 1.480000
436.750000 1.480000
436.070007 1.480000
435.730011 1.480000
434.709991 1.480000
434.029999 1.480000
433.350006 1.480000
433.010010 1.480000
431.989990 1.480000
431.309998 1.480000
430.630005 1.520000
430.290009 1.520000
429.269989 1.520000
428.589996 1.520000
427.910004 1.520000
427.570007 1.520000
426.890015 1.520000
426.549988 1.520000
425.869995 1.520000
425.190002 1.520000
424.510010 1.520000
424.170013 1.520000
423.829987 1.520000
423.149994 1.520000
422.470001 1.520000
421.790009 1.520000
421.450012 1.520000
421.109985 1.520000
420.429993 1.520000
419.750000 1.560000
419.070007 1.560000
418.730011 1.560000
417.709991 1.560000
417.029999 1.560000
416.350006 1.560000
416.010010 1.560000
415.670013 1.560000
414.989990 1.560000
414.309998 1.560000
413.630005 1.560000
413.290009 1.560000
412.950012 1.560000
412.269989 1.560000
411.589996 1.560000
410.910004 1.560000
410.570007 1.560000
410.230011 1.560000
409.890015 1.560000
409.549988 1.560000
408.869995 1.560000
408.190002 1.600000
407.510010 1.560000
407.170013 1.600000
406.829987 1.600000
406.149994 1.600000
405.470001 1.600000
404.790009 1.600000
404.450012 1.600000
404.109985 1.600000
403.429993 1.600000
402.750000 1.600000
402.070007 1.600000
401.730011 1.600000
401.390015 1.600000
400.709991 1.600000
400.029999 1.600000
399.350006 1.600000
399.010010 1.600000
398.670013 1.600000
397.989990 1.600000
397.309998 1.640000
396.630005 1.640000
396.290009 1.640000
395.950012 1.640000
395.269989 1.640000
394.589996 1.640000
393.910004 1.640000
393.570007 1.640000
393.230011 1.640000
392.890015 1.640000
392.549988 1.640000
391.869995 1.640000
391.190002 1.640000
559.489990 0.480000
390.510010 1.640000
558.809998 0.480000
390.170013 1.640000
389.829987 1.640000
389.149994 1.640000
555.409973 0.480000
388.470001 1.680000
554.049988 1.160000
387.790009 1.680000
553.369995 1.160000
387.450012 1.680000
387.109985 1.680000
386.429993 1.680000
549.969971 1.200000
385.750000 1.680000
548.609985 1.200000
385.070007 1.680000
547.929993 1.200000
384.730011 1.680000
383.709991 1.680000
383.029999 1.680000
543.169983 1.200000
382.350006 1.680000
542.489990 1.200000
382.010010 1.680000
541.809998 1.200000
381.670013 1.680000
380.989990 1.680000
380.309998 1.680000
537.729980 1.200000
379.630005 1.680000
537.049988 1.200000
379.290009 1.680000
536.369995 1.200000
378.950012 1.720000
378.269989 1.720000
377.589996 1.720000
532.289978 1.200000
376.910004 1.720000
531.609985 1.240000
376.570007 1.720000
530.929993 1.240000
376.230011 1.720000
530.250000 1.240000
375.890015 1.720000
375.549988 1.720000
374.869995 1.720000
526.849976 1.240000
374.190002 1.720000
525.489990 1.240000
373.510010 1.720000
524.809998 1.240000
373.170013 1.720000
372.829987 1.720000
372.149994 1.720000
521.409973 1.240000
371.470001 1.720000
520.049988 1.240000
370.790009 1.720000
519.369995 1.240000
370.450012 1.760000
370.109985 1.760000
369.429993 1.760000
515.969971 1.240000
368.750000 1.760000
514.609985 1.240000
368.070007 1.760000
513.929993 1.240000
367.730011 1.760000
513.250000 1.280000
367.390015 1.760000
366.709991 1.760000
366.029999 1.760000
365.350006 1.760000
365.010010 1.760000
364.670013 1.760000
363.989990 1.760000
363.309998 1.760000
362.630005 1.760000
362.290009 1.800000
361.950012 1.800000
361.269989 1.800000
360.589996 1.800000
359.910004 1.800000
359.570007 1.800000
359.230011 1.800000
358.890015 1.800000
358.549988 1.800000
357.869995 1.800000
357.190002 1.800000
356.510010 1.800000
356.170013 1.800000
355.829987 1.800000
355.149994 1.800000
354.470001 1.800000
353.790009 1.840000
353.450012 1.840000
353.109985 1.840000
352.429993 1.840000
351.750000 1.840000
351.070007 1.840000
350.730011 1.840000
349.709991 1.840000
349.029999 1.840000
348.350006 1.840000
348.010010 1.840000
347.670013 1.840000
346.989990 1.840000
346.309998 1.880000
345.630005 1.880000
345.290009 1.880000
344.950012 1.880000
344.269989 1.880000
343.589996 1.880000
342.910004 1.880000
342.570007 1.880000
342.230011 1.880000
341.890015 1.880000
341.549988 1.880000
340.869995 1.880000
340.190002 1.880000
339.510010 1.880000
339.170013 1.920000
338.829987 1.920000
338.149994 1.920000
337.470001 1.920000
336.790009 1.920000
336.450012 1.920000
336.109985 1.920000
335.429993 1.920000
334.750000 1.920000
334.070007 1.920000
333.730011 1.920000
333.390015 1.920000
332.709991 1.920000
332.029999 1.920000
331.350006 1.960000
331.010010 1.960000
330.670013 1.960000
329.989990 1.960000
329.309998 1.960000
328.630005 1.960000
328.290009 1.960000
327.950012 1.960000
327.269989 1.960000
326.589996 1.960000
325.910004 2.000000
325.570007 1.960000
325.230011 2.000000
324.890015 2.000000
324.549988 2.000000
323.869995 2.000000
323.190002 2.000000
322.510010 2.000000
322.170013 2.000000
321.829987 2.000000
321.149994 2.000000
154.550003 4.200000
320.809998 2.000000
102.190002 6.360000
153.529999 4.200000
318.769989 2.000000
153.190002 4.240000
318.089996 2.040000
316.730011 2.040000
80.089996 8.120000
316.390015 2.040000
101.510002 6.400000
152.169998 4.280000
316.049988 2.040000
151.830002 4.280000
315.369995 2.040000
314.010010 2.040000
313.670013 2.040000
100.830002 6.440000
150.809998 4.320000
313.329987 2.040000
150.470001 4.320000
312.649994 2.080000
311.290009 2.080000
310.950012 2.080000
100.150002 6.480000
149.449997 4.360000
310.609985 2.080000
149.110001 4.360000
309.929993 2.080000
308.570007 2.080000
147.750000 4.400000
307.209991 2.080000
147.070007 4.440000
305.850006 2.120000
146.389999 4.440000
304.489990 2.120000
145.710007 4.480000
303.130005 2.120000
145.029999 4.480000
301.769989 2.120000
144.350006 4.480000
300.410004 2.160000
299.390015 2.160000
143.669998 4.520000
299.049988 2.160000
142.990005 4.520000
297.690002 2.160000
296.670013 2.160000
142.309998 4.560000
296.329987 2.160000
141.630005 4.560000
294.970001 2.200000
293.950012 2.200000
140.949997 4.600000
293.609985 2.200000
95.730003 6.800000
140.610001 4.600000
292.929993 2.200000
140.270004 4.640000
292.250000 2.200000
95.050003 6.840000
139.250000 4.680000
290.209991 2.200000
138.910004 4.680000
289.529999 2.240000
94.370003 6.880000
137.889999 4.680000
287.489990 2.240000
137.550003 4.720000
286.809998 2.240000
93.690002 6.960000
136.529999 4.760000
284.769989 2.280000
136.190002 4.760000
284.089996 2.280000
282.730011 2.280000
71.589996 9.080000
282.390015 2.280000
93.010002 7.000000
135.169998 4.800000
282.049988 2.280000
134.830002 4.800000
281.369995 2.320000
280.010010 2.320000
279.670013 2.320000
92.330002 7.040000
133.809998 4.840000
279.329987 2.320000
133.470001 4.880000
278.649994 2.320000
277.290009 2.320000
276.950012 2.320000
91.650002 7.080000
132.449997 4.920000
276.609985 2.360000
132.110001 4.920000
275.929993 2.360000
274.570007 2.360000
130.750000 4.960000
273.209991 2.360000
130.070007 5.000000
271.850006 2.400000
129.389999 5.040000
270.489990 2.400000
128.710007 5.040000
269.130005 2.400000
128.029999 5.080000
267.769989 2.400000
266.410004 2.440000
265.390015 2.440000
265.049988 2.440000
263.690002 2.440000
262.670013 2.480000
262.329987 2.480000
260.970001 2.480000
259.950012 2.480000
259.609985 2.480000
87.230003 7.440000
258.929993 2.520000
258.250000 2.520000
256.890015 2.520000
86.550003 7.520000
256.209991 2.520000
551.669983 1.200000
255.529999 2.520000
548.950012 1.200000
254.850006 2.560000
546.229980 1.200000
254.169998 2.560000
543.510010 1.200000
253.490005 2.560000
540.789978 1.200000
252.809998 2.560000
538.070007 1.200000
252.130005 2.560000
251.789993 2.560000
535.349976 1.200000
251.449997 2.600000
532.630005 1.240000
250.770004 2.600000
250.429993 2.600000
529.909973 1.240000
250.089996 2.600000
527.190002 1.240000
510.529999 1.280000
249.410004 2.600000
524.469971 1.240000
248.729996 2.600000
521.750000 1.240000
507.809998 1.280000
248.050003 2.600000
247.369995 2.600000
516.309998 1.280000
505.089996 1.280000
246.690002 2.640000
246.009995 2.640000
502.369995 1.280000
245.330002 2.640000
244.649994 2.640000
499.649994 1.280000
243.970001 2.640000
243.289993 2.680000
496.929993 1.320000
242.610001 2.680000
241.929993 2.680000
494.209991 1.320000
241.250000 2.680000
492.850006 1.320000
240.570007 2.680000
491.489990 1.320000
239.889999 2.720000
490.130005 1.320000
239.210007 2.720000
488.769989 1.320000
238.529999 2.720000
487.410004 1.320000
237.850006 2.720000
486.049988 1.320000
237.169998 2.720000
484.690002 1.320000
236.490005 2.720000
483.329987 1.360000
235.809998 2.760000
481.970001 1.360000
235.130005 2.760000
234.789993 2.760000
480.609985 1.360000
234.449997 2.760000
479.250000 1.360000
233.770004 2.760000
233.429993 2.760000
233.089996 2.760000
476.529999 1.360000
232.410004 2.800000
231.729996 2.800000
473.809998 1.360000
231.050003 2.800000
230.369995 2.800000
471.089996 1.360000
229.690002 2.800000
229.009995 2.840000
468.369995 1.400000
228.330002 2.840000
227.649994 2.840000
465.649994 1.400000
226.970001 2.840000
226.289993 2.880000
462.929993 1.400000
225.610001 2.880000
224.929993 2.880000
460.209991 1.400000
224.250000 2.880000
458.850006 1.400000
223.570007 2.880000
457.489990 1.400000
222.889999 2.920000
456.130005 1.440000
222.210007 2.920000
454.769989 1.400000
221.529999 2.920000
319.790009 2.000000
453.410004 1.440000
220.850006 2.920000
319.109985 2.000000
220.509995 2.920000
318.429993 2.000000
452.049988 1.440000
220.169998 2.960000
317.750000 2.040000
451.369995 1.440000
219.830002 2.920000
317.070007 2.040000
450.690002 1.440000
219.490005 2.960000
63.770000 10.200000
219.149994 2.960000
315.709991 2.040000
449.329987 1.440000
218.809998 2.960000
315.029999 2.040000
448.649994 1.440000
218.470001 2.960000
314.350006 2.040000
447.970001 1.440000
218.130005 2.960000
63.430000 10.280000
217.789993 2.960000
312.989990 2.040000
446.609985 1.440000
217.449997 2.960000
312.309998 2.080000
445.929993 1.440000
217.110001 2.960000
311.630005 2.080000
445.250000 1.440000
216.770004 2.960000
63.090000 10.320000
216.429993 3.000000
310.269989 2.080000
216.089996 3.000000
309.589996 2.080000
443.209991 1.440000
215.750000 3.000000
308.910004 2.080000
442.529999 1.480000
215.410004 3.000000
308.230011 2.080000
441.850006 1.480000
215.070007 3.000000
307.549988 2.080000
214.729996 3.000000
306.869995 2.080000
440.489990 1.480000
214.389999 3.000000
306.190002 2.120000
439.809998 1.480000
214.050003 3.040000
305.510010 2.120000
439.130005 1.480000
213.710007 3.040000
304.829987 2.120000
213.369995 3.040000
304.149994 2.120000
437.769989 1.480000
213.029999 3.040000
303.470001 2.120000
437.089996 1.480000
212.690002 3.040000
302.790009 2.120000
436.410004 1.480000
212.350006 3.040000
302.109985 2.120000
212.009995 3.040000
301.429993 2.120000
435.049988 1.480000
211.669998 3.080000
300.750000 2.120000
434.369995 1.480000
211.330002 3.080000
300.070007 2.160000
433.690002 1.480000
210.990005 3.080000
210.649994 3.080000
298.709991 2.160000
432.329987 1.480000
210.309998 3.080000
298.029999 2.160000
431.649994 1.480000
209.970001 3.080000
297.350006 2.160000
430.970001 1.520000
209.630005 3.080000
209.289993 3.120000
295.989990 2.160000
429.609985 1.520000
208.949997 3.080000
295.309998 2.160000
428.929993 1.520000
208.610001 3.120000
294.630005 2.200000
428.250000 1.520000
208.270004 3.120000
207.929993 3.120000
293.269989 2.200000
207.589996 3.120000
292.589996 2.200000
426.209991 1.520000
207.250000 3.120000
291.910004 2.200000
425.529999 1.520000
206.910004 3.120000
291.230011 2.200000
424.850006 1.520000
206.570007 3.120000
290.549988 2.200000
206.229996 3.160000
289.869995 2.200000
423.489990 1.520000
205.889999 3.160000
289.190002 2.240000
422.809998 1.520000
205.550003 3.160000
288.510010 2.240000
422.130005 1.520000
205.210007 3.160000
287.829987 2.240000
204.869995 3.160000
287.149994 2.240000
420.769989 1.520000
127.690002 5.080000
204.529999 3.160000
286.470001 2.240000
420.089996 1.520000
204.190002 3.160000
285.790009 2.240000
419.410004 1.560000
203.850006 3.160000
285.109985 2.280000
203.509995 3.200000
284.429993 2.280000
418.049988 1.560000
127.010002 5.120000
203.169998 3.200000
283.750000 2.280000
417.369995 1.560000
202.830002 3.200000
283.070007 2.280000
416.690002 1.560000
202.490005 3.200000
202.149994 3.200000
281.709991 2.280000
415.329987 1.560000
126.330002 5.160000
201.809998 3.200000
281.029999 2.320000
414.649994 1.560000
201.470001 3.200000
280.350006 2.320000
413.970001 1.560000
201.130005 3.240000
200.789993 3.240000
278.989990 2.320000
412.609985 1.560000
125.650002 5.160000
200.449997 3.240000
278.309998 2.320000
411.929993 1.560000
200.110001 3.240000
277.630005 2.320000
411.250000 1.560000
199.770004 3.240000
199.429993 3.240000
276.269989 2.360000
124.970001 5.200000
199.089996 3.240000
275.589996 2.360000
409.209991 1.560000
198.750000 3.280000
274.910004 2.360000
408.529999 1.560000
198.410004 3.280000
274.230011 2.360000
407.850006 1.600000
198.070007 3.280000
273.549988 2.360000
124.290001 5.240000
197.729996 3.280000
272.869995 2.360000
406.489990 1.600000
58.330002 11.160000
197.389999 3.280000
272.190002 2.360000
405.809998 1.600000
197.050003 3.280000
271.510010 2.400000
405.130005 1.600000
196.710007 3.320000
270.829987 2.400000
123.610001 5.240000
196.369995 3.280000
270.149994 2.400000
403.769989 1.600000
57.990002 11.240000
196.029999 3.320000
269.470001 2.400000
403.089996 1.600000
195.690002 3.320000
268.790009 2.400000
402.410004 1.600000
195.350006 3.320000
268.109985 2.400000
122.930000 5.280000
195.009995 3.320000
267.429993 2.440000
401.049988 1.600000
57.650002 11.320000
194.669998 3.320000
266.750000 2.440000
400.369995 1.600000
194.330002 3.320000
266.070007 2.440000
399.690002 1.600000
193.990005 3.360000
122.250000 5.320000
193.649994 3.360000
264.709991 2.440000
398.329987 1.640000
57.310001 11.400000
193.309998 3.360000
264.029999 2.440000
397.649994 1.640000
121.910004 5.320000
192.970001 3.360000
263.350006 2.440000
396.970001 1.640000
192.630005 3.360000
121.570000 5.360000
192.289993 3.360000
261.989990 2.480000
395.609985 1.640000
56.970001 11.440000
191.949997 3.360000
261.309998 2.480000
394.929993 1.640000
121.230003 5.360000
191.610001 3.400000
260.630005 2.480000
394.250000 1.640000
191.270004 3.400000
120.889999 5.360000
190.929993 3.400000
259.269989 2.480000
56.630001 11.520000
190.589996 3.400000
258.589996 2.520000
392.209991 1.640000
120.550003 5.400000
190.250000 3.400000
257.910004 2.520000
391.529999 1.640000
189.910004 3.400000
257.230011 2.520000
390.850006 1.640000
189.570007 3.440000
256.549988 2.520000
56.290001 11.560000
189.229996 3.400000
389.489990 1.640000
119.870003 5.440000
188.889999 3.440000
388.809998 1.640000
188.550003 3.440000
554.729980 0.480000
388.130005 1.640000
188.210007 3.440000
55.950001 11.640000
187.869995 3.440000
386.769989 1.680000
119.190002 5.440000
187.529999 3.440000
386.089996 1.680000
187.190002 3.440000
549.289978 1.200000
385.410004 1.680000
186.850006 3.480000
55.610001 11.720000
186.509995 3.480000
384.049988 1.680000
118.510002 5.480000
186.169998 3.480000
383.369995 1.680000
185.830002 3.480000
543.849976 1.200000
382.690002 1.680000
185.490005 3.480000
55.270000 11.800000
185.149994 3.520000
381.329987 1.680000
117.830002 5.520000
184.809998 3.520000
538.409973 1.200000
379.970001 1.680000
184.130005 3.520000
378.609985 1.720000
117.150002 5.560000
183.449997 3.520000
532.969971 1.200000
377.250000 1.720000
182.770004 3.560000
116.470001 5.600000
182.089996 3.560000
374.529999 1.720000
181.410004 3.560000
115.790001 5.600000
180.729996 3.600000
371.809998 1.720000
180.050003 3.600000
115.110001 5.640000
179.369995 3.600000
369.089996 1.760000
178.690002 3.640000
114.430000 5.680000
178.009995 3.640000
366.369995 1.760000
177.330002 3.680000
113.750000 5.720000
176.649994 3.680000
363.649994 1.760000
113.410004 5.720000
175.970001 3.680000
113.070000 5.720000
175.289993 3.680000
360.929993 1.800000
112.730003 5.760000
174.610001 3.720000
358.209991 1.800000
112.050003 5.800000
173.250000 3.760000
356.850006 1.800000
172.570007 3.760000
355.489990 1.800000
111.370003 5.840000
171.889999 3.760000
354.130005 1.800000
171.210007 3.800000
352.769989 1.840000
110.690002 5.840000
170.529999 3.800000
351.410004 1.840000
169.850006 3.840000
350.049988 1.840000
110.010002 5.920000
169.169998 3.840000
348.690002 1.840000
168.490005 3.840000
347.329987 1.840000
109.330002 5.960000
167.809998 3.880000
345.970001 1.880000
167.130005 3.880000
344.609985 1.880000
108.650002 6.000000
166.449997 3.920000
343.250000 1.880000
165.770004 3.920000
107.970001 6.000000
165.089996 3.920000
340.529999 1.880000
164.410004 3.960000
107.290001 6.040000
163.729996 3.960000
337.809998 1.920000
163.050003 3.960000
106.610001 6.080000
162.369995 4.000000
335.089996 1.920000
161.690002 4.000000
105.930000 6.120000
161.009995 4.040000
332.369995 1.960000
160.330002 4.040000
105.250000 6.160000
159.649994 4.040000
329.649994 1.960000
104.910004 6.200000
158.970001 4.080000
104.570000 6.200000
158.289993 4.080000
326.929993 1.960000
104.230003 6.240000
157.610001 4.120000
103.889999 6.240000
156.929993 4.120000
324.209991 2.000000
103.550003 6.280000
156.250000 4.160000
322.850006 2.000000
155.570007 4.160000
321.489990 2.000000
102.870003 6.320000
154.889999 4.200000
320.130005 2.000000
154.210007 4.200000
317.410004 2.040000
152.850006 4.240000
314.690002 2.040000
151.490005 4.280000
62.750000 10.360000
311.970001 2.080000
150.130005 4.320000
62.410000 10.440000
309.250000 2.080000
148.770004 4.360000
62.070000 10.480000
99.470001 6.520000
148.089996 4.400000
306.529999 2.080000
147.410004 4.400000
61.730000 10.520000
98.790001 6.560000
146.729996 4.440000
303.809998 2.120000
146.050003 4.440000
61.389999 10.600000
98.110001 6.640000
145.369995 4.480000
301.089996 2.120000
144.690002 4.480000
61.049999 10.680000
97.430000 6.680000
144.009995 4.520000
298.369995 2.160000
143.330002 4.520000
307.890015 2.080000
60.709999 10.720000
544.530029 1.200000
96.750000 6.720000
142.649994 4.560000
96.410004 6.720000
295.649994 2.160000
141.970001 4.560000
305.170013 2.120000
60.369999 10.760000
539.090027 1.200000
96.070000 6.760000
141.289993 4.600000
302.450012 2.120000
60.029999 10.840000
533.650024 1.240000
95.389999 6.840000
139.929993 4.640000
288.850006 2.240000
138.570007 4.680000
286.130005 2.240000
137.210007 4.720000
283.410004 2.280000
135.850006 4.800000
280.690002 2.320000
134.490005 4.840000
277.970001 2.320000
133.130005 4.880000
275.250000 2.360000
131.770004 4.920000
90.970001 7.160000
131.089996 4.960000
272.529999 2.360000
130.410004 5.000000
90.290001 7.200000
129.729996 5.000000
269.809998 2.400000
129.050003 5.040000
89.610001 7.240000
128.369995 5.080000
127.349998 5.080000
126.669998 5.120000
297.010010 2.160000
500.670013 1.280000
59.349998 10.960000
116.809998 5.560000
294.290009 2.200000
497.950012 1.280000
59.009998 11.040000
116.129997 5.600000
291.570007 2.200000
495.230011 1.320000
58.669998 11.120000
115.449997 5.640000
114.769997 5.680000
452.390015 1.440000
114.089996 5.680000
173.929993 3.720000
112.389999 5.760000
111.709999 5.840000
172.229996 3.760000
435.390015 1.480000
51.189999 0.480000
100.489998 6.480000
170.869995 3.800000
432.670013 1.480000
50.849998 0.480000
99.809998 6.520000
169.509995 3.840000
429.950012 1.520000
50.509998 0.480000
99.129997 6.560000
168.149994 3.880000
427.230011 1.520000
50.169998 0.480000
558.130005 0.480000
98.449997 6.600000
299.730011 2.160000
503.390015 1.280000
59.689999 10.920000
166.789993 3.880000
552.690002 1.160000
97.769997 6.640000
165.429993 3.920000
547.250000 1.200000
384.390015 1.680000
97.089996 6.680000
88.250000 7.360000
526.169983 1.240000
373.850006 1.720000
181.070007 3.560000
182.429993 3.560000
54.590000 11.920000
87.570000 7.400000
520.729980 1.240000
371.130005 1.720000
179.710007 3.600000
54.250000 12.000000
86.889999 7.480000
515.289978 1.240000
368.410004 1.760000
178.350006 3.640000
53.910000 12.120000
86.209999 7.560000
365.690002 1.760000
176.990005 3.680000
53.570000 12.160000
85.529999 7.600000
362.970001 1.760000
175.630005 3.720000
53.230000 12.240000
84.849998 7.680000
360.250000 1.800000
174.270004 3.720000
52.889999 12.280000
139.589996 4.640000
84.169998 7.720000
357.529999 1.800000
172.910004 3.760000
52.549999 0.480000
138.229996 4.680000
83.489998 7.800000
221.869995 2.920000
558.469971 0.480000
64.449997 10.080000
81.790001 7.920000
550.309998 1.160000
255.190002 2.520000
81.110001 7.960000
544.869995 1.200000
253.830002 2.560000
80.430000 8.080000
223.229996 2.920000
65.129997 10.000000
82.470001 7.880000
343.929993 1.880000
166.110001 3.920000
285.450012 2.240000
131.429993 4.920000
253.149994 2.560000
539.429993 1.200000
252.470001 2.560000
79.750000 8.200000
339.850006 1.880000
164.070007 3.960000
533.989990 1.200000
251.110001 2.560000
79.070000 8.200000
337.130005 1.920000
162.710007 4.000000
528.549988 1.240000
511.209991 1.280000
249.750000 2.600000
78.389999 8.280000
123.269997 5.280000
470.410004 1.360000
229.350006 2.840000
68.190002 9.520000
367.049988 1.760000
177.669998 3.640000
103.209999 6.280000
83.150002 7.840000
224.589996 2.880000
65.809998 9.880000
459.529999 1.400000
223.910004 2.880000
65.470001 9.960000
486.390015 1.320000
122.589996 5.280000
467.690002 1.400000
227.990005 2.840000
67.510002 9.640000
364.329987 1.760000
176.309998 3.680000
52.209999 0.480000
102.529999 6.360000
456.809998 1.440000
222.550003 2.920000
64.790001 10.040000
464.970001 1.400000
226.630005 2.840000
66.830002 9.720000
361.609985 1.800000
174.949997 3.720000
51.869999 0.480000
101.849998 6.400000
320.470001 2.000000
454.089996 1.440000
221.190002 2.920000
555.750000 0.480000
64.110001 10.200000
107.629997 6.040000
267.089996 2.440000
106.949997 6.080000
54.930000 11.880000
183.789993 3.520000
264.369995 2.440000
106.269997 6.120000
87.910004 7.400000
261.649994 2.480000
418.390015 1.560000
105.589996 6.160000
120.209999 5.400000
119.529999 5.440000
118.849998 5.480000
118.169998 5.480000
354.809998 1.800000
171.550003 3.760000
136.869995 4.760000
82.809998 7.840000
117.489998 5.520000
352.089996 1.840000
170.190002 3.800000
135.509995 4.800000
82.129997 7.920000
349.369995 1.840000
168.830002 3.840000
51.529999 0.480000
290.890015 2.200000
134.149994 4.840000
255.869995 2.520000
81.449997 7.920000
346.649994 1.880000
167.470001 3.880000
288.170013 2.240000
132.789993 4.880000
254.509995 2.560000
80.769997 8.000000
334.410004 1.920000
161.350006 4.000000
523.109985 1.240000
508.489990 1.280000
248.389999 2.600000
77.709999 8.360000
79.410004 8.200000
331.690002 1.960000
159.990005 4.040000
517.669983 1.240000
505.769989 1.280000
247.029999 2.600000
77.029999 8.480000
78.730003 8.280000
328.970001 1.960000
158.630005 4.080000
512.229980 1.280000
503.049988 1.280000
245.669998 2.640000
76.349998 8.560000
525.830017 1.240000
509.850006 1.280000
249.070007 2.600000
78.050003 8.320000
326.250000 1.960000
157.270004 4.120000
500.329987 1.280000
244.309998 2.640000
75.669998 8.600000
520.390015 1.240000
507.130005 1.280000
247.710007 2.600000
77.370003 8.440000
323.529999 2.000000
155.910004 4.160000
497.609985 1.320000
242.949997 2.680000
74.989998 8.680000
514.950012 1.240000
504.410004 1.280000
246.350006 2.640000
76.690002 8.480000
241.589996 2.680000
74.309998 8.760000
341.209991 1.880000
164.750000 3.960000
501.690002 1.280000
244.990005 2.640000
76.010002 8.560000
240.229996 2.680000
73.629997 8.840000
338.489990 1.920000
163.389999 3.960000
498.970001 1.280000
243.630005 2.680000
75.330002 8.640000
238.869995 2.720000
72.949997 8.920000
335.769989 1.920000
162.029999 4.000000
496.250000 1.320000
242.270004 2.680000
74.650002 8.720000
237.509995 2.720000
72.269997 9.000000
333.049988 1.920000
160.669998 4.040000
528.210022 1.240000
94.709999 6.880000
493.529999 1.320000
240.910004 2.680000
73.970001 8.800000
88.930000 7.320000
236.149994 2.760000
330.329987 1.960000
159.309998 4.080000
522.770020 1.240000
94.029999 6.920000
273.890015 2.360000
490.809998 1.320000
239.550003 2.720000
73.290001 8.880000
327.609985 1.960000
157.949997 4.120000
517.330017 1.240000
93.349998 6.960000
271.170013 2.400000
488.089996 1.320000
238.190002 2.720000
72.610001 8.960000
156.589996 4.160000
92.669998 7.000000
268.450012 2.400000
485.369995 1.320000
236.830002 2.720000
71.930000 9.040000
155.229996 4.160000
91.989998 7.080000
380.649994 1.680000
184.470001 3.520000
265.730011 2.440000
482.649994 1.360000
235.470001 2.760000
71.250000 9.160000
153.869995 4.200000
91.309998 7.120000
377.929993 1.720000
183.110001 3.560000
263.010010 2.440000
479.929993 1.360000
234.110001 2.760000
70.570000 9.200000
152.509995 4.240000
90.629997 7.160000
375.209991 1.720000
181.750000 3.560000
260.290009 2.480000
477.209991 1.360000
232.750000 2.800000
69.889999 9.320000
151.149994 4.280000
89.949997 7.240000
372.489990 1.720000
180.389999 3.600000
257.570007 2.520000
474.489990 1.360000
231.389999 2.800000
69.209999 9.400000
149.789993 4.320000
89.269997 7.280000
369.769989 1.760000
179.029999 3.640000
125.989998 5.160000
70.910004 9.160000
85.870003 7.560000
471.769989 1.360000
230.029999 2.800000
68.529999 9.520000
319.450012 2.000000
148.429993 4.360000
350.390015 1.840000
88.589996 7.320000
125.309998 5.200000
70.230003 9.280000
85.190002 7.640000
469.049988 1.400000
228.669998 2.840000
67.849998 9.640000
124.629997 5.240000
475.850006 1.360000
232.070007 2.800000
69.550003 9.320000
84.510002 7.680000
466.329987 1.400000
227.309998 2.840000
67.169998 9.680000
111.029999 5.840000
123.949997 5.240000
473.130005 1.360000
230.710007 2.800000
68.870003 9.440000
83.830002 7.760000
463.609985 1.400000
225.949997 2.880000
66.489998 9.760000
173.589996 3.720000
101.169998 6.440000
110.349998 5.880000
109.669998 5.920000
108.989998 5.960000
108.309998 6.000000
462.250000 1.400000
225.270004 2.880000
66.150002 9.840000
