479.928345 530.674988
479.641663 530.335022
479.498322 529.994995
479.355011 529.655029
479.068329 529.655029
478.924988 529.484985
478.781677 529.484985
478.494995 529.145020
478.351654 553.284973
478.208344 553.455017
477.921661 553.455017
477.778320 553.455017
477.635010 553.114990
477.348328 552.775024
477.204987 552.604980
477.061676 552.604980
476.774994 552.094971
476.631653 551.924988
476.488342 551.755005
476.201660 551.585022
476.058319 551.244995
475.915009 551.414978
475.628326 551.075012
475.484985 550.734985
475.341675 550.734985
475.054993 550.224976
474.911652 550.054993
474.768341 550.054993
474.481659 549.544983
474.195007 549.205017
473.908325 549.034973
473.621674 548.525024
473.334991 548.354980
473.048340 548.015015
472.761658 547.505005
472.475006 547.335022
472.188324 546.825012
471.901672 546.484985
471.614990 545.974976
471.328339 546.145020
471.041656 545.465027
470.755005 545.294983
470.468323 544.955017
470.181671 544.614990
470.038330 544.445007
469.894989 544.445007
469.608337 543.934998
469.464996 543.934998
469.321655 543.424988
469.035004 543.085022
468.891663 543.085022
468.748322 543.085022
468.461670 542.744995
468.318329 542.405029
468.174988 542.405029
467.888336 541.895020
467.744995 541.724976
467.601654 541.724976
467.315002 541.044983
467.171661 540.875000
467.028320 541.044983
466.741669 540.534973
466.598328 540.534973
466.454987 540.364990
466.168335 539.854980
466.024994 539.854980
465.881653 539.515015
465.595001 539.174988
465.451660 539.174988
465.308319 539.005005
465.021667 538.494995
464.878326 538.494995
464.734985 538.155029
464.448334 537.984985
464.304993 537.645020
464.161652 537.474976
463.875000 537.135010
463.731659 537.135010
463.588348 536.965027
463.301666 536.455017
463.158325 536.284973
463.015015 536.284973
462.728333 536.114990
462.584991 535.775024
462.441681 535.604980
462.154999 535.265015
462.011658 535.094971
461.868347 534.924988
461.581665 534.585022
461.438324 534.585022
461.295013 534.075012
461.008331 533.905029
460.864990 533.905029
460.721680 533.395020
460.434998 533.224976
460.148346 532.885010
459.861664 532.544983
459.575012 532.375000
459.288330 532.034973
459.001678 531.525024
458.714996 531.354980
458.428345 531.015015
458.141663 530.505005
457.855011 530.335022
457.568329 529.994995
457.281677 529.484985
456.994995 529.145020
456.708344 528.974976
456.421661 528.804993
456.135010 528.294983
455.848328 528.125000
455.561676 527.614990
455.274994 527.275024
454.988342 526.765015
454.701660 526.594971
454.415009 525.914978
454.128326 525.914978
453.841675 525.575012
453.554993 525.065002
453.268341 524.895020
452.981659 524.554993
452.695007 524.215027
452.408325 524.215027
452.121674 523.875000
451.834991 523.195007
451.548340 523.025024
451.261658 522.684998
450.975006 522.174988
450.688324 521.664978
450.401672 521.835022
450.114990 521.494995
449.828339 520.984985
449.255005 520.135010
448.681671 519.625000
448.538330 519.455017
448.108337 519.284973
447.964996 519.114990
447.535004 518.434998
447.391663 517.755005
446.961670 517.585022
446.818329 517.585022
446.388336 517.075012
445.815002 516.395020
445.241669 515.375000
444.668335 515.034973
444.095001 514.354980
443.521667 513.674988
442.948334 512.825012
442.375000 512.315002
442.088348 511.975006
441.801666 511.635010
441.515015 511.295013
441.228333 510.785004
440.941681 510.614990
440.654999 510.445007
440.368347 509.934998
440.081665 509.765015
439.795013 509.424988
439.508331 508.915009
439.221680 508.744995
438.934998 508.234985
438.648346 508.065002
438.361664 507.725006
438.075012 507.385010
437.788330 507.045013
437.501678 506.704987
437.214996 506.195007
436.928345 505.855011
436.641663 505.684998
436.355011 505.174988
436.068329 505.005005
435.781677 504.494995
435.494995 504.154999
435.208344 504.154999
434.921661 503.475006
434.635010 503.304993
434.348328 502.964996
434.061676 502.795013
433.774994 502.285004
433.488342 501.945007
433.201660 501.605011
432.915009 501.095001
432.628326 501.095001
432.341675 500.755005
432.054993 500.415009
431.768341 500.075012
431.481659 499.904999
431.195007 499.394989
430.908325 498.885010
430.621674 498.714996
430.334991 498.545013
430.048340 498.035004
429.761658 497.695007
429.475006 497.695007
429.188324 497.015015
428.901672 496.505005
428.614990 496.505005
428.328339 495.825012
428.041656 495.825012
427.755005 495.315002
427.468323 494.975006
427.181671 494.804993
427.038330 494.464996
426.894989 494.464996
426.608337 493.954987
426.464996 493.785004
426.321655 493.614990
426.035004 493.274994
425.748322 493.105011
425.461670 492.595001
425.318329 492.424988
425.174988 491.915009
424.888336 491.915009
424.601654 491.744995
424.315002 491.234985
424.028320 491.065002
423.741669 490.894989
423.454987 490.385010
423.168335 490.045013
422.881653 489.535004
422.595001 489.535004
422.308319 489.195007
422.021667 488.684998
421.734985 488.345001
421.591675 488.174988
421.448334 488.005005
421.161652 487.834991
421.018341 487.665009
420.875000 487.325012
420.588348 486.984985
420.445007 486.815002
420.301666 486.644989
420.015015 486.475006
419.871674 486.135010
419.728333 485.964996
419.441681 485.795013
419.298340 485.454987
419.154999 485.454987
418.868347 485.114990
418.725006 484.945007
418.581665 484.774994
418.295013 484.605011
418.151672 484.095001
418.008331 483.924988
417.721680 483.755005
417.578339 483.584991
417.434998 483.584991
417.148346 483.075012
417.005005 483.075012
416.861664 482.904999
416.575012 482.394989
416.431671 482.054993
416.288330 482.054993
416.001678 481.545013
415.858337 481.545013
415.714996 481.375000
415.428345 481.204987
415.285004 480.864990
415.141663 480.695007
414.855011 480.355011
414.711670 480.184998
414.568329 480.015015
414.281677 479.845001
414.138336 479.505005
413.994995 479.334991
413.708344 478.994995
413.565002 478.994995
413.421661 478.825012
413.135010 478.315002
412.991669 478.315002
412.848328 478.315002
412.561676 477.804993
412.418335 477.464996
412.274994 477.635010
411.988342 477.125000
411.845001 476.954987
411.701660 476.954987
411.415009 476.445007
411.271667 476.445007
411.128326 476.105011
410.841675 475.765015
410.698334 475.424988
410.554993 475.424988
410.268341 474.915009
410.125000 474.915009
409.981659 474.744995
409.838348 474.404999
409.695007 474.404999
409.551666 474.404999
409.408325 474.065002
409.265015 473.894989
409.121674 473.725006
408.978333 473.725006
408.834991 473.385010
408.691681 473.214996
408.548340 473.214996
408.404999 473.045013
408.261658 472.875000
408.118347 472.535004
407.975006 472.364990
407.831665 472.195007
407.688324 472.024994
407.545013 472.024994
407.401672 471.855011
407.258331 471.515015
407.114990 471.515015
406.971680 471.345001
406.828339 471.174988
406.684998 470.834991
406.541656 470.834991
406.398346 470.494995
406.255005 470.494995
406.111664 470.325012
405.968323 470.154999
405.825012 469.984985
405.681671 469.815002
405.538330 469.644989
405.394989 469.304993
405.251678 469.475006
405.108337 468.964996
404.964996 468.964996
404.821655 468.625000
404.678345 468.625000
404.535004 468.285004
404.391663 468.114990
404.248322 468.114990
404.105011 467.945007
403.961670 467.774994
403.818329 467.265015
403.674988 467.605011
403.531677 467.434998
403.388336 467.095001
403.101654 466.755005
402.958344 466.755005
402.815002 466.415009
402.528320 466.075012
402.385010 465.904999
402.241669 465.904999
401.954987 465.225006
401.811676 465.394989
401.668335 465.054993
401.381653 464.885010
401.238342 464.714996
401.095001 464.545013
400.808319 464.035004
400.665009 464.035004
400.521667 463.695007
400.234985 463.524994
400.091675 463.355011
399.948334 463.184998
399.661652 462.674988
399.518341 462.674988
399.375000 462.334991
399.088348 462.165009
398.945007 461.825012
398.801666 461.994995
398.515015 461.315002
398.371674 461.315002
398.228333 460.975006
397.941681 460.975006
397.798340 460.804993
397.654999 460.295013
397.368347 460.125000
397.225006 459.954987
397.081665 459.785004
396.795013 459.445007
396.651672 459.105011
396.508331 459.105011
396.221680 458.765015
396.078339 458.424988
395.934998 458.424988
395.648346 458.084991
395.505005 458.084991
395.361664 457.915009
395.075012 457.575012
394.931671 457.404999
394.788330 457.065002
394.501678 456.894989
394.358337 456.554993
394.214996 456.554993
393.928345 456.214996
393.785004 456.045013
393.641663 455.704987
393.355011 455.535004
393.211670 455.364990
393.068329 455.024994
392.781677 454.855011
392.638336 454.855011
392.494995 454.515015
392.208344 454.005005
392.065002 454.174988
391.921661 453.665009
391.635010 453.494995
391.491669 453.325012
391.348328 453.154999
391.061676 452.815002
390.918335 452.644989
390.774994 452.475006
390.488342 452.304993
390.345001 451.964996
390.201660 451.795013
389.915009 451.625000
389.771667 451.285004
389.628326 451.285004
389.341675 450.774994
389.198334 450.945007
389.054993 450.434998
388.768341 450.265015
388.625000 449.924988
388.481659 449.755005
388.195007 449.584991
388.051666 449.244995
387.908325 449.244995
387.765015 449.075012
387.621674 448.734985
387.478333 448.565002
387.334991 448.394989
387.191681 448.394989
387.048340 448.054993
386.904999 447.885010
386.761658 447.714996
386.618347 447.714996
386.475006 447.375000
386.331665 447.375000
386.188324 447.204987
386.045013 447.035004
385.901672 446.864990
385.758331 446.695007
385.614990 446.524994
385.328339 446.355011
385.184998 445.845001
385.041656 445.845001
384.755005 445.505005
384.611664 445.334991
384.468323 445.334991
384.181671 444.654999
384.038330 444.825012
383.894989 444.484985
383.608337 444.315002
383.464996 444.144989
383.321655 443.804993
383.035004 443.464996
382.891663 443.295013
382.748322 443.295013
382.461670 442.785004
382.174988 442.445007
381.888336 442.274994
381.601654 441.934998
381.315002 441.595001
381.028320 441.255005
380.741669 440.915009
380.454987 440.404999
380.168335 440.234985
379.881653 439.894989
379.595001 439.385010
379.308319 439.214996
379.021667 438.704987
378.734985 438.364990
378.448334 438.364990
378.161652 437.855011
377.875000 437.515015
377.588348 437.174988
377.301666 436.834991
377.015015 436.494995
376.728333 436.494995
376.441681 435.644989
376.154999 435.475006
375.868347 435.304993
375.581665 434.795013
375.295013 434.454987
375.008331 434.285004
374.721680 433.945007
374.434998 433.434998
374.148346 433.265015
373.861664 432.755005
373.575012 432.755005
373.288330 432.244995
373.001678 431.734985
372.714996 431.565002
372.428345 431.394989
372.141663 431.054993
371.855011 430.714996
371.568329 430.204987
371.281677 429.864990
370.994995 429.524994
370.708344 429.184998
370.421661 429.015015
370.135010 428.505005
369.848328 428.165009
369.561676 427.994995
369.274994 427.484985
368.988342 427.144989
368.701660 426.975006
368.415009 426.804993
368.128326 426.295013
367.841675 426.125000
367.554993 425.445007
367.268341 425.105011
366.981659 424.934998
366.838348 424.765015
366.695007 424.595001
366.408325 424.255005
366.265015 424.084991
366.121674 423.915009
365.834991 423.575012
365.691681 423.404999
365.548340 423.234985
365.261658 422.894989
365.118347 422.725006
364.975006 422.554993
364.688324 422.045013
364.545013 422.214996
364.401672 421.875000
364.114990 421.704987
363.971680 421.364990
363.828339 421.195007
363.541656 421.024994
363.398346 420.855011
363.255005 420.515015
362.968323 420.174988
362.825012 420.174988
362.681671 420.005005
362.394989 419.665009
362.251678 419.325012
362.108337 419.325012
361.821655 418.644989
361.678345 418.815002
361.535004 418.644989
361.248322 418.304993
361.105011 418.135010
360.961670 418.135010
360.674988 417.625000
360.531677 417.454987
360.388336 417.285004
360.101654 416.945007
359.958344 416.774994
359.815002 416.605011
359.528320 416.265015
359.385010 416.095001
359.241669 415.924988
358.954987 415.584991
358.811676 415.584991
358.668335 415.415009
358.381653 414.904999
358.238342 414.734985
358.095001 414.565002
357.808319 414.394989
357.665009 414.225006
357.521667 413.714996
357.234985 413.545013
357.091675 413.375000
356.948334 413.204987
356.661652 413.035004
356.518341 412.864990
356.375000 412.524994
356.088348 412.184998
355.945007 412.015015
355.801666 412.015015
355.515015 411.845001
355.371674 411.505005
355.228333 411.165009
354.941681 410.825012
354.798340 410.994995
354.654999 410.654999
354.368347 410.315002
354.225006 409.975006
354.081665 409.975006
353.795013 409.635010
353.651672 409.295013
353.508331 409.295013
353.221680 409.125000
353.078339 408.785004
352.934998 408.445007
352.648346 408.274994
352.505005 408.105011
352.361664 407.934998
352.075012 407.424988
351.931671 407.595001
351.788330 407.255005
351.501678 406.915009
351.358337 406.744995
351.214996 406.575012
350.928345 406.404999
350.785004 406.065002
350.641663 405.894989
350.355011 405.725006
350.211670 405.554993
350.068329 405.385010
349.781677 405.045013
349.638336 404.704987
349.494995 404.704987
349.208344 404.364990
349.065002 404.024994
348.921661 403.855011
348.635010 403.515015
348.491669 403.345001
348.348328 403.345001
348.061676 402.834991
347.918335 402.834991
347.774994 402.665009
347.488342 402.325012
347.345001 402.154999
347.201660 402.154999
346.915009 401.815002
346.771667 401.475006
346.628326 401.135010
346.341675 400.964996
346.198334 400.795013
346.054993 400.625000
345.768341 400.285004
345.625000 400.285004
345.481659 400.114990
345.338348 399.774994
345.195007 399.605011
345.051666 399.434998
344.908325 399.265015
344.765015 399.095001
344.621674 399.095001
344.478333 398.755005
344.334991 398.755005
344.191681 398.415009
344.048340 398.415009
343.904999 398.244995
343.761658 398.075012
343.618347 397.734985
343.475006 397.734985
343.331665 397.394989
343.188324 397.394989
343.045013 397.054993
342.901672 397.054993
342.758331 396.714996
342.614990 396.714996
342.328339 396.375000
342.184998 396.035004
342.041656 396.035004
341.755005 395.695007
341.611664 395.355011
341.468323 395.355011
341.181671 395.184998
341.038330 394.845001
340.894989 394.674988
340.608337 394.505005
340.464996 394.165009
340.321655 393.994995
340.035004 393.825012
339.748322 393.315002
339.461670 392.975006
339.318329 392.975006
339.174988 392.635010
338.888336 392.295013
338.601654 391.954987
338.315002 391.614990
338.028320 391.274994
337.741669 391.105011
337.454987 390.595001
337.168335 390.255005
336.881653 389.915009
336.595001 389.744995
336.308319 389.234985
336.021667 389.065002
335.734985 388.554993
335.448334 388.385010
335.161652 388.045013
334.875000 387.535004
334.588348 387.364990
334.301666 387.024994
334.015015 386.684998
333.728333 386.345001
333.441681 386.174988
333.154999 385.834991
332.868347 385.325012
332.581665 384.984985
332.295013 384.644989
332.008331 384.475006
331.721680 384.135010
331.434998 383.795013
331.148346 383.285004
330.861664 382.945007
330.575012 382.945007
330.288330 382.434998
330.001678 382.095001
329.714996 381.755005
329.428345 381.415009
329.141663 381.075012
328.855011 380.734985
328.568329 380.394989
328.281677 380.054993
327.994995 379.714996
327.708344 379.375000
327.421661 379.035004
327.135010 378.695007
326.848328 378.355011
326.561676 378.015015
326.274994 377.674988
325.988342 377.334991
325.701660 377.165009
325.415009 376.825012
325.128326 376.315002
324.841675 376.144989
324.554993 375.804993
324.268341 375.295013
323.981659 375.125000
323.838348 374.954987
323.695007 374.785004
323.408325 374.445007
323.265015 374.274994
323.121674 374.105011
322.834991 373.424988
322.691681 373.424988
322.548340 373.424988
322.261658 373.084991
322.118347 372.915009
321.975006 372.744995
321.688324 372.404999
321.545013 372.404999
321.401672 372.065002
321.114990 371.725006
320.971680 371.554993
320.828339 371.385010
320.541656 371.045013
320.398346 371.045013
320.255005 370.704987
319.968323 370.364990
319.825012 370.195007
319.681671 369.855011
319.394989 369.684998
319.251678 369.684998
319.108337 369.515015
318.821655 369.005005
318.678345 369.005005
318.535004 368.834991
318.248322 368.494995
318.105011 368.325012
317.961670 368.154999
317.674988 367.815002
317.531677 367.644989
317.388336 367.475006
317.101654 367.135010
316.958344 366.795013
316.815002 366.964996
316.528320 366.454987
316.385010 366.285004
316.241669 366.114990
315.954987 365.774994
315.811676 365.605011
315.668335 365.265015
315.381653 365.095001
315.238342 365.095001
315.095001 364.755005
314.808319 364.415009
314.665009 364.244995
314.521667 364.075012
314.234985 363.734985
314.091675 363.565002
313.948334 363.394989
313.661652 363.225006
313.518341 362.885010
313.375000 362.714996
313.088348 362.375000
312.945007 362.375000
312.801666 362.035004
312.515015 361.695007
312.371674 361.695007
312.228333 361.524994
311.941681 361.184998
311.798340 361.015015
311.654999 360.845001
311.368347 360.334991
311.225006 360.334991
311.081665 360.165009
310.795013 359.825012
310.651672 359.654999
310.508331 359.484985
310.221680 359.144989
310.078339 358.975006
309.934998 358.804993
309.648346 358.464996
309.505005 358.295013
309.361664 358.125000
309.075012 357.785004
308.931671 357.614990
308.788330 357.614990
308.501678 357.274994
308.358337 356.934998
308.214996 356.765015
307.928345 356.424988
307.785004 356.424988
307.641663 356.255005
307.355011 355.915009
307.211670 355.744995
307.068329 355.404999
306.781677 355.234985
306.638336 355.065002
306.494995 354.894989
306.208344 354.554993
306.065002 354.214996
305.921661 354.214996
305.635010 353.875000
305.491669 353.704987
305.348328 353.364990
305.061676 353.195007
304.918335 352.855011
304.774994 352.855011
304.488342 352.515015
304.345001 352.345001
304.201660 352.174988
303.915009 351.834991
303.771667 351.665009
303.628326 351.494995
303.341675 351.154999
303.198334 350.984985
303.054993 350.984985
302.768341 350.475006
302.625000 350.304993
302.481659 350.135010
302.338348 349.964996
302.195007 349.795013
302.051666 349.625000
301.908325 349.454987
301.765015 349.285004
301.621674 349.114990
301.478333 348.945007
301.334991 348.774994
301.191681 348.774994
301.048340 348.605011
300.904999 348.434998
300.761658 348.265015
300.618347 347.924988
300.475006 347.755005
300.331665 347.584991
300.188324 347.584991
300.045013 347.415009
299.901672 347.075012
299.758331 346.904999
299.614990 346.734985
299.328339 346.565002
299.184998 346.394989
299.041656 346.225006
298.755005 345.885010
298.611664 345.545013
298.468323 345.375000
298.181671 345.204987
298.038330 345.035004
297.894989 344.864990
297.608337 344.524994
297.464996 344.355011
297.321655 344.015015
297.035004 344.015015
296.891663 343.674988
296.748322 343.165009
296.461670 342.994995
296.318329 342.994995
296.174988 342.825012
295.888336 342.654999
295.601654 342.144989
295.315002 341.975006
295.028320 341.464996
294.741669 341.295013
294.454987 340.785004
294.168335 340.614990
293.881653 340.274994
293.595001 339.934998
293.308319 339.595001
293.021667 339.084991
292.734985 338.915009
292.448334 338.575012
292.161652 338.234985
291.875000 337.894989
291.588348 337.554993
291.301666 337.214996
291.015015 336.875000
290.728333 336.704987
290.441681 336.195007
290.154999 335.855011
289.868347 335.515015
289.581665 335.345001
289.295013 334.834991
289.008331 334.494995
288.721680 334.154999
288.434998 333.984985
288.148346 333.475006
287.861664 333.304993
287.575012 332.964996
287.288330 332.454987
287.001678 332.285004
286.714996 331.945007
286.428345 331.605011
286.141663 331.265015
285.855011 330.924988
285.568329 330.584991
285.281677 329.734985
284.994995 328.035004
284.708344 329.225006
284.421661 328.885010
284.135010 328.545013
283.848328 328.204987
283.561676 326.334991
283.274994 325.825012
282.988342 325.484985
282.701660 325.144989
282.415009 324.804993
282.128326 324.464996
281.841675 324.295013
281.554993 323.954987
281.268341 323.445007
280.981659 323.105011
280.838348 323.105011
280.695007 322.934998
280.408325 322.424988
280.265015 322.424988
280.121674 322.255005
279.834991 321.915009
279.691681 321.744995
279.548340 322.934998
279.261658 322.934998
279.118347 322.765015
278.975006 322.765015
98.518333 113.834999
278.831665 322.424988
98.375000 113.665001
278.258331 321.744995
98.231667 113.495003
277.684998 321.234985
98.088333 113.324997
277.111664 320.385010
97.945000 113.154999
276.538330 319.875000
97.801666 112.985001
275.964996 319.195007
97.658333 112.815002
275.391663 318.515015
97.514999 107.714996
274.818329 317.834991
97.371666 112.474998
162.731674 188.125000
274.244995 317.154999
97.228333 112.305000
162.445007 187.785004
273.671661 316.475006
97.084999 112.135002
162.158340 187.445007
273.098328 315.795013
96.941666 111.964996
161.871674 187.104996
272.524994 315.285004
96.798332 111.794998
161.585007 186.764999
271.951660 314.605011
96.654999 111.625000
161.298340 186.425003
271.378326 313.924988
96.511665 111.455002
161.011673 186.085007
270.804993 313.244995
96.368332 111.285004
160.725006 185.744995
270.231659 312.565002
96.224998 111.114998
160.438339 185.404999
269.658325 311.885010
96.081665 110.945000
160.151672 185.065002
269.084991 311.204987
95.938332 110.775002
159.865005 184.725006
268.511658 310.524994
95.794998 110.605003
159.578339 184.554993
267.938324 309.845001
95.651665 110.434998
159.291672 184.214996
267.364990 309.165009
95.508331 110.264999
159.005005 183.875000
266.791656 308.484985
95.364998 110.095001
158.718338 183.535004
266.218323 307.804993
95.221664 110.095001
158.431671 183.024994
265.644989 307.295013
95.078331 109.925003
158.145004 182.684998
265.071655 306.614990
94.934998 109.584999
157.858337 182.514999
264.498322 305.934998
94.791664 109.415001
157.571671 182.175003
263.924988 305.255005
94.648331 109.245003
157.285004 181.835007
263.351654 304.404999
94.504997 109.245003
156.998337 181.494995
262.778320 303.894989
262.348328 303.385010
94.361664 109.074997
156.711670 181.154999
262.204987 303.214996
261.918335 302.875000
261.774994 302.704987
261.345001 302.195007
260.771667 301.515015
260.198334 301.005005
259.625000 300.325012
259.051666 299.644989
258.478333 298.964996
257.904999 298.285004
257.331665 297.605011
256.758331 296.924988
256.184998 296.244995
255.898331 295.904999
255.611664 295.565002
255.324997 295.225006
255.038330 294.885010
254.751663 294.545013
254.464996 294.204987
254.178329 293.864990
253.891663 293.524994
253.604996 293.184998
253.318329 293.015015
253.031662 292.674988
252.744995 292.334991
252.458328 291.994995
252.171661 291.654999
251.884995 291.315002
251.598328 290.975006
251.311661 290.635010
251.024994 290.295013
250.738327 289.954987
250.451660 289.614990
250.164993 289.274994
249.878326 289.105011
249.591660 288.595001
249.304993 288.255005
249.018326 287.915009
261.201660 302.024994
446.244995 516.734985
248.731674 287.744995
260.628326 301.345001
445.671661 516.395020
248.445007 287.234985
260.054993 300.665009
445.098328 515.715027
248.158340 286.894989
258.908325 299.475006
443.951660 514.184998
247.585007 286.385010
257.761658 298.114990
442.804993 512.655029
247.011673 285.704987
256.614990 296.755005
441.658325 511.464996
246.438339 285.024994
440.511658 510.274994
245.865005 284.345001
439.938324 509.424988
245.578339 284.005005
439.364990 508.744995
245.291672 283.665009
438.791656 508.065002
245.005005 283.325012
438.218323 507.385010
244.718338 282.984985
437.644989 506.875000
244.431671 282.644989
437.071655 506.195007
244.145004 282.304993
436.498322 505.515015
243.858337 281.964996
435.924988 505.005005
243.571671 281.625000
243.428329 281.454987
435.351654 504.325012
243.285004 281.285004
243.141663 281.114990
434.778320 503.475006
242.998337 281.114990
242.854996 280.774994
434.204987 502.964996
242.711670 280.774994
242.568329 280.434998
433.631653 502.285004
242.425003 280.434998
242.281662 280.265015
433.058319 501.434998
242.138336 280.095001
241.994995 279.924988
432.484985 501.095001
241.851669 279.755005
241.708328 279.415009
431.911652 500.415009
241.565002 279.415009
241.421661 279.244995
241.278336 279.075012
241.134995 278.904999
240.991669 278.734985
63.974998 73.885002
240.848328 278.394989
240.705002 278.394989
240.561661 278.225006
240.418335 278.054993
63.831665 73.714996
240.274994 277.885010
240.131668 277.545013
239.988327 277.545013
239.845001 277.375000
63.688332 73.544998
239.701660 277.204987
239.558334 277.035004
239.414993 276.864990
239.271667 276.695007
63.544998 73.375000
239.128326 276.524994
238.985001 276.355011
238.841660 276.184998
238.698334 276.015015
238.554993 275.845001
238.411667 275.674988
238.268326 275.505005
238.125000 275.334991
237.838333 274.994995
237.551666 274.654999
237.264999 274.315002
236.978333 273.975006
236.691666 273.635010
236.404999 273.295013
236.118332 272.954987
235.831665 272.785004
278.545013 322.084991
235.544998 272.445007
277.971680 321.404999
235.258331 272.105011
277.398346 320.894989
234.971664 271.765015
276.825012 320.214996
234.684998 271.424988
276.251678 319.535004
234.398331 271.084991
275.678345 318.855011
234.111664 270.744995
275.105011 318.174988
233.824997 270.404999
274.531677 317.494995
233.538330 270.065002
273.958344 316.815002
233.251663 269.725006
273.385010 316.135010
232.964996 269.385010
272.811676 315.625000
232.678329 269.045013
272.238342 314.774994
232.391663 268.704987
271.665009 314.265015
232.104996 268.364990
271.091675 313.584991
231.818329 268.024994
270.518341 312.904999
231.531662 267.684998
269.945007 312.225006
231.244995 267.345001
269.371674 311.545013
230.958328 267.174988
268.798340 310.864990
230.671661 266.665009
268.225006 310.184998
230.384995 266.325012
267.651672 309.674988
230.098328 266.154999
267.078339 308.825012
229.811661 265.815002
266.505005 308.144989
229.524994 265.475006
265.931671 307.635010
229.238327 264.964996
265.358337 306.785004
228.951660 264.795013
264.785004 306.274994
228.664993 264.454987
264.211670 305.595001
228.378326 264.114990
263.638336 304.915009
228.091660 263.774994
263.065002 304.234985
227.804993 263.434998
262.491669 303.554993
227.518326 262.924988
402.671661 466.244995
226.945007 262.415009
401.524994 464.885010
226.371674 261.734985
400.378326 463.524994
225.798340 261.225006
399.231659 462.334991
225.225006 260.375000
398.084991 460.975006
224.651672 259.695007
396.938324 459.614990
224.078339 259.184998
396.364990 459.105011
127.901665 147.835007
223.791672 258.845001
395.791656 458.255005
127.758331 147.664993
223.505005 258.505005
395.218323 457.575012
127.614998 147.494995
223.218338 258.165009
394.644989 457.234985
127.471664 147.324997
222.931671 257.825012
394.071655 456.214996
127.328331 147.154999
222.645004 257.484985
393.498322 455.535004
127.184998 146.985001
222.358337 257.144989
392.924988 455.024994
127.041664 146.815002
222.071671 256.804993
59.244999 68.445000
221.928329 256.635010
392.351654 454.174988
126.898331 146.645004
221.785004 256.464996
221.641663 256.295013
391.778320 453.665009
126.754997 146.475006
221.498337 256.125000
59.101665 68.105003
221.354996 255.955002
391.204987 452.984985
126.611664 146.304993
221.211670 255.785004
221.068329 255.785004
390.631653 452.135010
126.468330 146.134995
220.925003 255.445007
58.958332 68.105003
220.781662 255.274994
390.058319 451.625000
126.324997 145.964996
220.638336 255.104996
220.494995 254.934998
389.484985 450.945007
126.181664 145.794998
220.351669 254.764999
58.814999 67.764999
220.208328 254.595001
388.911652 450.265015
126.038330 145.625000
220.065002 254.425003
219.921661 254.255005
125.894997 145.455002
219.778336 254.255005
58.671665 67.764999
219.634995 254.085007
125.751663 145.285004
219.491669 253.744995
219.348328 253.744995
125.608330 145.115005
219.205002 253.574997
58.528332 67.595001
219.061661 253.404999
125.464996 144.945007
218.918335 253.235001
218.774994 253.065002
125.321663 144.774994
218.631668 252.895004
58.384998 67.425003
218.488327 252.725006
218.345001 252.554993
218.201660 252.384995
218.058334 252.214996
58.241665 67.254997
217.914993 252.044998
217.771667 251.875000
217.628326 251.875000
217.485001 251.535004
58.098331 67.084999
217.341660 251.535004
217.198334 251.195007
217.054993 251.195007
216.911667 250.854996
216.768326 250.854996
216.625000 250.514999
216.338333 250.175003
216.051666 249.835007
215.764999 249.494995
215.478333 249.154999
215.191666 248.815002
214.904999 248.475006
214.618332 248.304993
214.331665 247.964996
214.044998 247.455002
213.758331 247.285004
213.471664 246.945007
213.184998 246.434998
212.898331 246.095001
212.611664 245.755005
212.324997 245.414993
212.038330 245.074997
211.751663 244.904999
211.464996 244.565002
211.178329 244.225006
210.891663 243.884995
210.604996 243.544998
210.318329 243.205002
210.031662 242.865005
209.744995 242.524994
209.458328 242.184998
209.171661 241.845001
208.884995 241.675003
208.598328 241.164993
208.311661 240.994995
208.024994 240.485001
207.738327 240.315002
207.451660 239.975006
207.164993 239.464996
206.878326 239.125000
206.591660 238.955002
206.304993 238.445007
206.018326 238.104996
360.244995 417.114990
118.871666 137.294998
205.731674 237.934998
359.098328 415.755005
118.584999 136.955002
205.158340 237.085007
357.951660 414.565002
118.298332 136.615005
204.585007 236.574997
356.804993 413.204987
118.011665 136.445007
204.011673 235.895004
355.658325 411.845001
117.724998 136.104996
203.438339 235.214996
354.511658 410.484985
117.438332 135.764999
202.865005 234.535004
353.938324 409.804993
117.294998 135.595001
202.578339 234.195007
353.364990 409.125000
117.151665 135.425003
202.291672 233.854996
352.791656 408.445007
117.008331 135.255005
202.005005 233.514999
352.218323 407.765015
116.864998 135.085007
201.718338 233.345001
351.644989 407.255005
116.721664 134.914993
201.431671 232.835007
351.071655 406.575012
116.578331 134.744995
201.145004 232.664993
350.498322 405.894989
116.434998 134.574997
200.858337 232.154999
349.924988 405.214996
116.291664 134.404999
200.571671 231.815002
200.428329 231.645004
349.351654 404.535004
116.148331 134.235001
200.285004 231.475006
53.798332 61.985001
200.141663 231.475006
348.778320 403.855011
116.004997 134.065002
199.998337 231.304993
199.854996 230.964996
348.204987 403.174988
115.861664 133.895004
199.711670 230.964996
53.654999 61.814999
199.568329 230.625000
347.631653 402.494995
115.718330 133.725006
199.425003 230.455002
199.281662 230.455002
347.058319 401.984985
115.574997 133.554993
199.138336 230.285004
53.511665 61.814999
198.994995 230.115005
346.484985 401.304993
115.431664 133.384995
198.851669 229.945007
198.708328 229.774994
345.911652 400.454987
115.288330 133.214996
198.565002 229.604996
53.368332 61.645000
198.421661 229.434998
115.144997 133.044998
198.278336 229.264999
198.134995 229.095001
115.001663 132.875000
197.991669 228.925003
53.224998 61.474998
197.848328 228.755005
114.858330 132.705002
197.705002 228.585007
197.561661 228.414993
114.714996 132.535004
197.418335 228.244995
53.081665 61.305000
197.274994 228.074997
114.571663 132.365005
197.131668 227.904999
196.988327 227.735001
196.845001 227.565002
52.938332 61.134998
196.701660 227.395004
196.558334 227.225006
196.414993 227.225006
196.271667 227.054993
52.794998 60.965000
196.128326 226.884995
195.985001 226.544998
195.841660 226.375000
195.698334 226.205002
195.554993 226.205002
195.411667 225.865005
195.268326 225.865005
195.125000 225.695007
194.838333 225.184998
194.551666 225.014999
194.264999 224.505005
193.978333 224.164993
193.691666 223.994995
193.404999 223.654999
193.118332 223.315002
192.831665 222.804993
192.544998 222.634995
192.258331 222.294998
191.971664 221.955002
191.684998 221.615005
191.398331 221.274994
191.111664 220.934998
190.824997 220.595001
190.538330 220.255005
190.251663 219.914993
189.964996 219.574997
189.678329 219.404999
189.391663 218.895004
189.104996 218.725006
188.818329 218.384995
188.531662 217.875000
188.244995 217.535004
187.958328 217.365005
187.671661 216.854996
187.384995 216.684998
187.098328 216.345001
186.811661 215.835007
186.524994 215.664993
186.238327 215.324997
185.951660 214.985001
185.664993 214.645004
185.378326 214.304993
185.091660 213.964996
184.804993 213.625000
184.518326 213.285004
317.244995 367.475006
108.121666 124.885002
184.231674 212.945007
316.671661 366.795013
107.978333 124.714996
183.945007 212.604996
316.098328 365.945007
107.834999 124.544998
183.658340 212.434998
315.524994 365.265015
107.691666 124.375000
183.371674 212.095001
314.951660 364.584991
107.548332 124.205002
183.085007 211.585007
314.378326 364.075012
107.404999 124.035004
182.798340 211.244995
313.804993 363.225006
107.261665 123.864998
182.511673 211.074997
313.231659 362.545013
107.118332 123.695000
182.225006 210.565002
312.658325 362.035004
106.974998 123.525002
181.938339 210.395004
312.084991 361.355011
106.831665 123.525002
181.651672 210.054993
311.511658 360.674988
106.688332 123.355003
181.365005 209.714996
310.938324 359.994995
106.544998 123.014999
181.078339 209.375000
310.364990 359.315002
106.401665 122.845001
180.791672 209.035004
309.791656 358.635010
106.258331 122.675003
180.505005 208.695007
309.218323 357.954987
106.114998 122.675003
180.218338 208.354996
308.644989 357.274994
105.971664 122.504997
179.931671 208.014999
308.071655 356.765015
105.828331 122.165001
179.645004 207.845001
307.498322 355.915009
105.684998 122.165001
179.358337 207.335007
306.924988 355.404999
105.541664 121.995003
179.071671 206.994995
178.928329 206.824997
306.351654 354.725006
105.398331 121.824997
178.785004 206.654999
178.641663 206.485001
305.778320 354.045013
105.254997 121.654999
178.498337 206.315002
305.204987 353.364990
105.111664 121.485001
178.211670 206.145004
304.631653 352.515015
104.968330 121.315002
177.925003 205.634995
304.058319 352.174988
104.824997 121.144997
177.638336 205.294998
303.484985 351.494995
104.681664 120.974998
177.351669 204.955002
302.911652 350.644989
104.538330 120.805000
177.065002 204.615005
104.394997 120.635002
176.778336 204.274994
104.251663 120.464996
176.491669 203.934998
104.108330 120.294998
176.205002 203.764999
103.964996 120.125000
175.918335 203.425003
103.821663 119.955002
175.631668 193.904999
175.345001 202.574997
175.058334 202.404999
174.771667 202.065002
174.485001 201.725006
174.198334 201.384995
173.911667 201.044998
173.625000 200.705002
173.338333 200.365005
173.051666 199.854996
172.764999 199.684998
172.478333 199.345001
172.191666 199.175003
171.904999 198.664993
171.618332 198.494995
171.331665 198.154999
171.044998 197.645004
170.758331 197.475006
170.471664 197.134995
170.184998 196.794998
169.898331 196.285004
169.611664 196.115005
169.324997 195.774994
169.038330 195.434998
168.751663 195.095001
168.464996 194.755005
168.178329 194.414993
167.891663 194.074997
167.604996 193.735001
167.318329 193.395004
167.031662 193.054993
166.744995 192.714996
166.458328 192.544998
166.171661 192.035004
165.884995 191.695007
165.598328 191.354996
165.311661 191.184998
165.024994 190.845001
164.738327 190.335007
164.451660 190.164993
164.164993 189.824997
164.021667 189.485001
163.878326 189.485001
163.591660 189.145004
163.448334 188.975006
163.304993 188.804993
163.018326 188.464996
162.875000 188.294998
162.301666 187.615005
161.728333 186.934998
161.154999 186.255005
160.581665 185.574997
160.008331 184.895004
159.434998 184.214996
158.861664 183.705002
158.288330 183.024994
157.714996 182.345001
157.141663 181.664993
341.898346 395.864990
114.285004 132.024994
479.211670 529.655029
156.568329 180.985001
340.751678 394.505005
113.998337 131.684998
478.065002 553.794983
155.994995 180.304993
472.618347 547.335022
153.271667 177.074997
472.045013 546.484985
152.985001 176.904999
471.471680 546.484985
152.698334 176.395004
470.898346 545.635010
152.411667 176.054993
470.325012 544.784973
152.125000 175.884995
151.981674 175.714996
469.751678 543.934998
151.838333 175.544998
151.695007 175.375000
469.178345 543.424988
151.551666 175.205002
151.408340 175.035004
468.605011 542.914978
151.264999 174.865005
151.121674 174.695007
468.031677 542.065002
150.978333 174.524994
150.835007 174.184998
467.458344 541.385010
150.691666 174.184998
150.548340 174.014999
466.885010 540.534973
150.404999 173.845001
150.261673 173.675003
466.311676 540.195007
150.118332 173.505005
149.975006 173.335007
465.738342 539.515015
149.831665 173.164993
149.688339 172.994995
465.165009 539.005005
149.544998 172.654999
149.401672 172.654999
278.401672 322.084991
464.591675 537.984985
149.258331 172.485001
149.115005 172.485001
277.828339 321.234985
464.018341 537.304993
148.971664 172.145004
148.828339 171.975006
277.255005 320.725006
463.445007 536.625000
148.684998 171.804993
148.541672 171.634995
276.681671 319.875000
462.871674 536.114990
148.398331 171.634995
148.255005 171.294998
276.108337 319.364990
462.298340 535.434998
148.111664 171.125000
147.968338 170.955002
275.535004 318.684998
461.725006 534.755005
147.824997 170.785004
147.681671 170.615005
274.961670 318.005005
461.151672 534.244995
147.538330 170.445007
147.395004 170.445007
274.388336 317.325012
460.578339 533.565002
147.251663 170.104996
147.108337 170.104996
273.815002 316.644989
460.005005 532.885010
146.964996 169.764999
146.821671 169.595001
273.241669 315.964996
459.431671 532.034973
146.678329 169.425003
146.535004 169.425003
272.668335 315.285004
458.858337 531.015015
146.391663 169.255005
146.248337 169.085007
272.095001 314.774994
458.285004 530.844971
146.104996 168.914993
271.521667 314.095001
457.711670 530.164978
145.818329 168.574997
270.948334 313.415009
457.138336 529.484985
145.531662 168.235001
270.375000 312.565002
456.565002 528.635010
145.244995 167.895004
269.801666 312.054993
455.991669 528.125000
144.958328 167.554993
269.228333 311.375000
455.418335 527.275024
144.671661 167.214996
268.654999 310.695007
454.845001 526.765015
144.384995 166.875000
268.081665 310.015015
454.271667 526.085022
144.098328 166.535004
267.508331 309.334991
453.698334 525.575012
143.811661 166.195007
266.934998 308.654999
453.125000 524.895020
143.524994 166.024994
266.361664 308.144989
452.551666 524.215027
143.238327 165.514999
265.788330 307.464996
451.978333 523.364990
142.951660 165.005005
265.214996 306.785004
451.404999 523.195007
142.664993 164.835007
264.641663 305.934998
450.831665 522.174988
142.378326 164.494995
264.068329 305.255005
450.258331 521.494995
142.091660 164.324997
263.494995 304.744995
449.684998 520.815002
141.804993 163.815002
262.921661 304.234985
449.111664 520.304993
141.518326 163.645004
414.424988 479.845001
232.821671 269.214996
61.968334 71.504997
429.618347 497.524994
131.771667 152.255005
429.045013 496.674988
131.485001 151.914993
413.278320 478.484985
232.248337 268.535004
61.825001 71.334999
428.471680 496.165009
131.198334 151.574997
427.898346 495.654999
130.911667 151.235001
412.131653 477.125000
231.675003 267.855011
61.681667 71.165001
427.325012 494.804993
130.625000 150.895004
130.481674 150.725006
426.751678 494.295013
130.338333 150.554993
130.195007 150.554993
410.984985 475.934998
231.101669 267.174988
61.538334 70.995003
426.178345 493.445007
130.051666 150.384995
129.908340 150.214996
425.605011 492.934998
129.764999 150.044998
129.621674 149.705002
230.528336 266.494995
61.395000 70.824997
425.031677 492.255005
129.478333 149.705002
129.335007 149.365005
424.458344 491.404999
129.191666 149.365005
129.048340 149.195007
229.955002 265.984985
61.251667 70.654999
423.885010 490.725006
128.904999 149.024994
128.761673 148.854996
423.311676 490.045013
128.618332 148.514999
128.475006 148.514999
229.381668 265.304993
61.108334 70.485001
422.738342 489.364990
128.331665 148.345001
128.188339 148.175003
422.165009 488.855011
128.044998 148.005005
145.961670 168.744995
178.354996 206.315002
385.471680 446.524994
125.178337 144.604996
145.675003 168.404999
178.068329 205.804993
384.898346 445.674988
125.035004 144.434998
145.388336 168.065002
177.781662 205.464996
384.325012 444.994995
124.891670 144.264999
270.088348 312.394989
145.101669 167.725006
177.494995 205.294998
383.751678 444.484985
124.748337 144.095001
269.515015 311.714996
144.815002 167.214996
177.208328 204.785004
383.178345 443.635010
124.605003 143.925003
268.941681 311.204987
144.528336 167.044998
176.921661 204.445007
382.605011 442.954987
124.461670 143.925003
268.368347 310.355011
144.241669 166.705002
176.634995 204.274994
382.031677 442.445007
124.318336 143.585007
267.795013 309.674988
143.955002 166.365005
176.348328 203.934998
381.458344 441.595001
124.175003 143.414993
267.221680 309.165009
143.668335 166.024994
176.061661 203.425003
380.885010 440.915009
124.031670 143.414993
266.648346 308.315002
452.838348 524.554993
143.381668 165.684998
175.774994 203.255005
380.311676 440.404999
123.888336 143.074997
266.075012 307.635010
452.265015 523.705017
143.095001 165.345001
175.488327 202.914993
379.738342 439.554993
123.745003 142.904999
265.501678 307.125000
451.691681 523.364990
142.808334 165.005005
175.201660 202.574997
379.165009 439.045013
123.601669 142.904999
264.928345 306.445007
451.118347 522.515015
142.521667 164.835007
174.914993 202.235001
378.591675 438.024994
123.458336 142.565002
264.355011 305.765015
450.545013 521.664978
142.235001 164.324997
174.628326 201.895004
378.018341 437.684998
123.315002 142.395004
263.781677 305.084991
449.971680 521.325012
141.948334 163.985001
174.341660 201.554993
377.445007 437.005005
123.171669 142.395004
263.208344 304.404999
449.398346 520.304993
141.661667 163.645004
174.054993 201.214996
376.871674 436.154999
123.028336 142.225006
262.635010 303.725006
448.825012 519.794983
141.375000 163.475006
173.768326 200.875000
376.298340 435.644989
122.885002 142.054993
262.061676 303.045013
448.251678 519.114990
141.088333 162.964996
375.725006 435.135010
122.741669 141.714996
261.488342 302.364990
447.678345 518.434998
140.801666 162.625000
375.151672 434.454987
122.598335 141.714996
260.915009 301.684998
447.105011 517.755005
140.514999 162.455002
374.578339 433.605011
122.455002 141.544998
260.341675 301.005005
446.531677 517.244995
140.228333 162.115005
374.005005 432.924988
122.311668 141.375000
259.768341 300.325012
445.958344 516.395020
139.941666 161.604996
373.431671 432.415009
122.168335 141.205002
259.195007 299.815002
445.385010 515.885010
139.654999 161.434998
372.858337 431.734985
122.025002 141.035004
258.621674 299.135010
444.811676 515.205017
139.368332 161.095001
372.285004 431.054993
121.881668 140.865005
258.048340 298.454987
444.238342 514.354980
139.081665 160.755005
371.711670 430.375000
121.738335 140.695007
257.475006 297.774994
443.665009 513.674988
138.794998 160.414993
371.138336 429.695007
121.595001 140.524994
256.901672 297.095001
443.091675 513.164978
138.508331 160.074997
370.565002 429.015015
121.451668 140.354996
256.328339 296.415009
442.518341 512.484985
138.221664 159.735001
369.991669 428.334991
121.308334 140.184998
441.945007 511.804993
137.934998 159.395004
369.418335 427.654999
121.165001 140.014999
441.371674 511.295013
137.648331 159.054993
368.845001 427.144989
121.021667 139.845001
440.798340 510.445007
137.361664 158.714996
368.271667 426.464996
120.878334 139.675003
440.225006 509.765015
137.074997 158.375000
367.698334 425.614990
120.735001 139.505005
439.651672 509.424988
136.788330 158.035004
367.125000 425.105011
120.591667 139.335007
439.078339 508.744995
136.501663 157.695007
366.551666 424.424988
120.448334 139.164993
438.505005 507.725006
136.214996 157.524994
365.978333 423.744995
120.305000 138.994995
437.931671 507.045013
135.928329 157.014999
365.404999 423.065002
120.161667 138.824997
437.358337 506.704987
135.641663 156.675003
364.831665 422.385010
120.018333 138.654999
299.471680 346.565002
103.678337 119.785004
436.785004 505.855011
135.354996 156.505005
364.258331 421.704987
119.875000 138.485001
298.898346 346.054993
103.535004 119.614998
436.211670 505.174988
135.068329 155.994995
363.684998 421.195007
119.731667 138.315002
298.325012 345.204987
103.391670 119.445000
435.638336 504.494995
134.781662 155.824997
363.111664 420.345001
119.588333 138.145004
297.751678 344.695007
103.248337 119.275002
435.065002 503.815002
134.494995 155.485001
362.538330 419.834991
119.445000 137.975006
297.178345 344.015015
103.105003 119.105003
434.491669 503.135010
134.208328 155.145004
361.964996 418.984985
119.301666 137.804993
94.218330 108.904999
156.425003 180.815002
261.631653 302.704987
296.605011 343.334991
102.961670 118.934998
433.918335 502.625000
133.921661 154.804993
361.391663 418.135010
119.158333 137.634995
94.074997 108.735001
156.138336 180.475006
261.058319 302.024994
296.031677 342.825012
102.818336 118.764999
433.345001 501.945007
133.634995 154.464996
360.818329 417.625000
119.014999 137.464996
93.931664 108.565002
155.851669 180.134995
260.484985 301.345001
295.458344 342.144989
102.675003 118.595001
432.771667 501.434998
133.348328 154.125000
93.788330 108.394997
155.565002 179.794998
259.911652 300.665009
294.885010 341.464996
102.531670 118.425003
432.198334 500.584991
133.061661 153.785004
359.671661 416.434998
205.445007 237.425003
118.728333 137.125000
294.311676 340.614990
102.388336 118.254997
431.625000 499.734985
132.774994 153.445007
293.738342 340.105011
102.245003 118.084999
431.051666 499.054993
132.488327 153.104996
358.524994 415.075012
204.871674 236.914993
118.441666 136.785004
293.165009 339.424988
102.101669 117.915001
430.478333 498.545013
132.201660 152.764999
292.591675 338.744995
101.958336 117.745003
429.904999 498.035004
131.914993 152.425003
357.378326 413.885010
204.298340 236.235001
118.154999 136.445007
292.018341 338.065002
101.815002 117.574997
429.331665 497.355011
131.628326 152.085007
291.445007 337.385010
101.671669 117.404999
428.758331 496.674988
131.341660 151.744995
356.231659 412.524994
203.725006 235.554993
117.868332 136.274994
290.871674 336.704987
101.528336 117.235001
428.184998 495.654999
131.054993 151.404999
290.298340 336.024994
101.385002 117.065002
427.611664 495.144989
130.768326 151.065002
355.084991 411.165009
203.151672 234.705002
117.581665 135.934998
93.644997 108.224998
155.278336 179.455002
339.891663 393.654999
52.651669 49.915001
93.501663 108.055000
154.991669 179.115005
93.358330 107.885002
154.705002 178.945007
338.744995 392.125000
194.981674 225.524994
52.508335 49.915001
93.214996 107.714996
154.418335 178.434998
474.338348 549.544983
93.071663 107.544998
154.131668 178.095001
337.598328 390.765015
194.408340 224.675003
52.365002 49.915001
473.765015 548.695007
153.845001 177.755005
473.191681 548.184998
153.558334 177.414993
336.451660 389.404999
193.835007 224.164993
52.221668 49.915001
479.785004 530.505005
156.854996 181.324997
342.471680 396.375000
114.428337 132.195007
478.638336 529.145020
156.281662 180.645004
341.325012 395.184998
114.141670 131.854996
477.491669 552.945007
155.708328 179.964996
340.178345 393.994995
113.855003 131.514999
476.918335 552.265015
155.421661 179.625000
339.605011 393.144989
113.711670 131.345001
476.345001 551.924988
155.134995 179.285004
339.031677 392.464996
113.568336 131.175003
475.771667 550.905029
154.848328 178.945007
338.458344 391.785004
113.425003 131.005005
475.198334 550.565002
154.561661 178.604996
337.885010 391.274994
113.281670 130.835007
474.625000 549.715027
154.274994 178.264999
337.311676 390.424988
113.138336 130.664993
474.051666 549.205017
153.988327 178.095001
336.738342 389.915009
112.995003 130.494995
473.478333 548.354980
153.701660 177.755005
336.165009 389.234985
112.851669 130.324997
472.904999 547.674988
153.414993 177.414993
335.591675 388.554993
112.708336 130.324997
472.331665 547.164978
153.128326 176.904999
335.018341 387.875000
112.565002 130.154999
471.758331 546.315002
152.841660 176.565002
334.445007 387.195007
112.421669 129.815002
471.184998 545.974976
152.554993 176.395004
333.871674 386.684998
112.278336 129.815002
470.611664 545.125000
152.268326 176.054993
333.298340 385.834991
112.135002 129.645004
332.725006 385.154999
111.991669 129.475006
332.151672 384.644989
111.848335 129.134995
331.578339 383.795013
111.705002 129.134995
331.005005 383.285004
111.561668 128.964996
330.431671 382.434998
111.418335 128.794998
329.858337 381.924988
111.275002 128.625000
329.285004 381.244995
111.131668 128.455002
328.711670 380.565002
110.988335 128.285004
328.138336 380.054993
110.845001 128.115005
278.688324 322.424988
327.565002 379.375000
110.701668 127.945000
278.114990 321.575012
326.991669 378.695007
110.558334 127.775002
277.541656 321.065002
326.418335 377.674988
110.415001 127.605003
276.968323 320.214996
325.845001 377.165009
110.271667 127.434998
276.394989 319.704987
325.271667 376.654999
110.128334 127.264999
275.821655 319.024994
324.698334 375.804993
109.985001 127.095001
275.248322 318.345001
460.291656 533.054993
255.755005 295.734985
324.125000 375.295013
109.841667 126.925003
274.674988 317.665009
459.718323 532.375000
255.468338 295.394989
323.551666 374.614990
109.698334 126.754997
274.101654 316.984985
459.144989 531.864990
255.181671 295.225006
322.978333 373.934998
109.555000 126.584999
273.528320 316.304993
458.571655 531.015015
254.895004 294.714996
322.404999 373.084991
109.411667 126.415001
272.954987 315.625000
457.998322 530.674988
254.608337 294.375000
321.831665 372.744995
109.268333 126.245003
272.381653 315.114990
457.424988 529.825012
254.321671 294.204987
321.258331 371.894989
109.125000 126.074997
271.808319 314.265015
456.851654 502.625000
254.035004 293.695007
320.684998 371.385010
108.981667 125.904999
271.234985 313.584991
456.278320 528.294983
253.748337 293.524994
320.111664 370.535004
108.838333 125.735001
270.661652 313.075012
455.704987 527.784973
253.461670 293.015015
319.538330 370.024994
108.695000 125.565002
455.131653 527.275024
253.175003 292.845001
318.964996 369.345001
108.551666 125.394997
86.621666 100.065002
141.231674 163.134995
454.558319 526.594971
252.888336 292.505005
318.391663 368.834991
108.408333 125.224998
86.478333 99.894997
140.945007 162.794998
453.984985 525.744995
252.601669 292.165009
317.818329 367.984985
108.264999 125.055000
86.334999 99.724998
140.658340 162.625000
453.411652 525.234985
252.315002 291.654999
86.191666 99.555000
140.371674 162.285004
252.028336 291.484985
86.048332 99.385002
140.085007 161.945007
251.741669 291.144989
85.904999 99.214996
139.798340 161.604996
251.455002 290.804993
85.761665 99.044998
139.511673 161.264999
251.168335 290.464996
85.618332 98.875000
139.225006 160.925003
250.881668 290.125000
85.474998 98.705002
138.938339 160.585007
250.595001 289.785004
85.331665 98.535004
138.651672 160.244995
250.308334 289.445007
85.188332 98.364998
138.365005 159.904999
250.021667 289.105011
85.044998 98.195000
138.078339 159.565002
249.735001 288.934998
84.901665 98.025002
137.791672 159.225006
249.448334 288.424988
425.891663 493.274994
63.401669 73.205002
84.758331 97.855003
137.505005 158.884995
249.161667 288.084991
84.614998 97.684998
137.218338 158.544998
248.875000 287.744995
424.744995 491.915009
237.981674 275.334991
63.258335 73.035004
84.471664 97.514999
136.931671 158.205002
248.588333 287.404999
84.328331 97.345001
136.645004 157.865005
248.301666 287.065002
423.598328 490.554993
237.408340 274.484985
63.115002 72.864998
84.184998 97.175003
136.358337 157.524994
248.014999 286.894989
84.041664 97.004997
136.071671 157.184998
247.728333 286.385010
422.451660 489.195007
236.835007 273.975006
62.971668 72.695000
83.898331 96.834999
135.785004 156.845001
247.441666 286.214996
83.754997 96.665001
135.498337 156.675003
247.154999 285.875000
83.468330 96.324997
134.925003 155.994995
246.581665 285.195007
83.181664 96.154999
134.351669 155.315002
246.008331 284.345001
82.894997 95.815002
133.778336 154.634995
245.434998 283.834991
82.608330 95.305000
133.205002 153.955002
244.861664 283.154999
431.338348 499.565002
82.321663 95.135002
132.631668 153.274994
244.288330 282.475006
289.725006 335.515015
101.241669 116.894997
289.151672 334.834991
101.098335 116.724998
288.578339 333.984985
100.955002 116.724998
424.171661 491.065002
237.695007 274.825012
288.005005 333.304993
100.811668 116.385002
287.431671 332.795013
100.668335 116.385002
423.024994 489.875000
237.121674 274.144989
286.858337 331.945007
100.525002 116.044998
286.285004 331.434998
100.381668 116.044998
421.878326 488.515015
236.548340 273.635010
285.711670 330.755005
100.238335 115.875000
421.304993 487.834991
62.828335 72.525002
236.261673 273.295013
285.138336 329.734985
100.095001 115.535004
420.731659 487.325012
235.975006 272.954987
284.565002 329.054993
99.951668 115.535004
420.158325 486.644989
62.685001 72.355003
235.688339 272.445007
283.991669 327.015015
99.808334 115.364998
419.584991 485.964996
235.401672 272.274994
283.418335 325.994995
99.665001 115.195000
259.481659 299.984985
444.524994 514.864990
247.871674 286.554993
419.011658 485.114990
62.541668 72.184998
235.115005 271.765015
282.845001 325.315002
99.521667 115.025002
418.438324 484.605011
234.828339 271.424988
282.271667 324.804993
99.378334 114.855003
258.334991 298.795013
443.378326 513.505005
247.298340 286.045013
417.864990 484.095001
62.398335 72.014999
234.541672 271.255005
281.698334 323.954987
99.235001 114.684998
417.291656 483.075012
234.255005 270.915009
281.125000 323.274994
99.091667 114.514999
257.188324 297.265015
442.231659 511.975006
246.725006 285.364990
416.718323 482.394989
62.255001 71.845001
233.968338 270.575012
280.551666 322.765015
98.948334 114.345001
416.144989 481.885010
233.681671 270.234985
279.978333 322.084991
98.805000 114.175003
256.041656 296.075012
441.084991 510.785004
246.151672 284.684998
415.571655 481.035004
62.111668 71.675003
233.395004 269.894989
279.404999 322.934998
98.661667 114.004997
414.998322 480.864990
233.108337 269.554993
413.851654 479.334991
232.535004 268.875000
412.704987 477.804993
231.961670 268.195007
411.558319 476.614990
231.388336 267.515015
410.411652 475.255005
230.815002 266.834991
230.241669 266.154999
229.668335 265.644989
229.095001 264.964996
60.965000 70.315002
228.808334 264.625000
228.521667 264.285004
60.821667 70.144997
228.235001 263.945007
227.948334 263.605011
60.678333 69.974998
227.661667 263.095001
227.375000 262.755005
60.535000 69.805000
227.088333 262.584991
226.801666 262.244995
60.391666 69.635002
226.514999 261.904999
226.228333 261.565002
259.338348 299.984985
60.248333 69.464996
225.941666 261.225006
258.765015 299.304993
225.654999 260.885010
258.191681 298.625000
60.105000 69.294998
225.368332 260.545013
257.045013 297.265015
59.961666 69.125000
224.794998 259.864990
59.818333 68.955002
224.221664 259.184998
59.674999 68.785004
223.648331 258.674988
59.531666 68.785004
223.074997 257.994995
256.471680 296.584991
92.928337 107.375000
92.785004 107.205002
92.641670 107.035004
92.498337 106.864998
92.355003 106.695000
92.211670 106.525002
92.068336 106.355003
91.925003 106.184998
91.781670 106.014999
91.638336 105.845001
91.495003 105.675003
91.351669 105.504997
91.208336 105.334999
91.065002 105.165001
90.921669 104.995003
90.778336 104.824997
90.635002 104.654999
90.491669 104.485001
222.501663 257.315002
59.388332 68.445000
90.348335 104.315002
381.744995 442.105011
216.481674 250.345001
90.205002 104.144997
381.171661 441.255005
57.811668 66.745003
216.195007 250.175003
90.061668 103.974998
380.598328 440.744995
215.908340 250.005005
89.918335 103.805000
380.024994 440.065002
57.668335 66.574997
215.621674 249.324997
89.775002 103.635002
379.451660 439.385010
215.335007 248.985001
89.631668 103.464996
378.878326 438.704987
57.525002 66.404999
215.048340 248.645004
89.488335 103.294998
378.304993 438.024994
214.761673 248.475006
89.345001 103.125000
403.244995 467.095001
227.231674 262.755005
377.731659 437.345001
57.381668 66.235001
214.475006 247.794998
89.201668 102.955002
377.158325 436.665009
214.188339 247.625000
89.058334 102.785004
402.098328 465.394989
226.658340 262.075012
376.584991 436.154999
57.238335 66.065002
213.901672 247.455002
88.915001 102.614998
376.011658 435.475006
213.615005 246.945007
88.771667 102.614998
400.951660 464.375000
226.085007 261.394989
375.438324 434.795013
57.095001 65.894997
213.328339 246.774994
88.628334 102.445000
374.864990 434.114990
213.041672 246.264999
88.485001 102.275002
399.804993 463.015015
225.511673 260.714996
374.291656 433.434998
56.951668 65.724998
212.755005 246.095001
88.341667 102.105003
373.718323 432.924988
212.468338 245.585007
88.198334 101.934998
398.658325 461.654999
224.938339 260.035004
373.144989 432.075012
56.808334 65.555000
212.181671 245.244995
88.055000 101.764999
372.571655 431.394989
211.895004 245.074997
87.911667 101.595001
397.511658 460.295013
224.365005 259.355011
371.998322 430.714996
56.665001 65.385002
211.608337 244.735001
87.768333 101.425003
371.424988 430.035004
211.321671 244.225006
87.625000 101.254997
370.851654 429.524994
56.521667 65.214996
211.035004 244.054993
87.481667 101.084999
370.278320 428.674988
210.748337 243.714996
87.338333 100.915001
369.704987 428.165009
56.378334 65.044998
210.461670 243.205002
87.195000 100.745003
369.131653 427.315002
210.175003 243.035004
87.051666 100.574997
368.558319 426.804993
56.235001 64.875000
209.888336 242.695007
86.908333 100.404999
367.984985 426.125000
209.601669 242.354996
86.764999 100.235001
367.411652 425.274994
56.091667 64.705002
209.315002 242.014999
209.028336 241.675003
55.948334 64.535004
208.741669 241.505005
208.455002 240.994995
55.805000 64.364998
208.168335 240.654999
207.881668 240.315002
55.661667 64.195000
207.595001 239.804993
207.308334 239.804993
55.518333 64.025002
207.021667 239.464996
206.735001 238.955002
55.375000 63.855000
206.448334 238.615005
206.161667 238.445007
55.231667 63.685001
205.875000 237.934998
55.088333 63.514999
205.301666 237.425003
54.945000 63.345001
204.728333 236.744995
54.801666 63.174999
204.154999 236.065002
54.658333 63.005001
203.581665 235.384995
54.514999 62.834999
203.008331 234.705002
54.371666 62.834999
202.434998 234.024994
54.228333 62.494999
201.861664 233.345001
54.084999 62.325001
201.288330 232.835007
53.941666 62.325001
200.714996 231.985001
430.191681 498.204987
132.058334 152.595001
243.714996 281.795013
82.035004 94.794998
81.748337 94.455002
81.461670 94.114998
81.175003 93.775002
80.888336 93.434998
80.601669 93.095001
80.315002 92.754997
80.028336 92.415001
79.741669 92.074997
79.455002 91.735001
79.168335 91.394997
78.881668 91.055000
335.304993 388.214996
52.078335 49.915001
193.261673 223.315002
78.595001 90.714996
334.158325 386.684998
51.935001 49.915001
192.688339 222.804993
78.308334 90.375000
449.541656 520.815002
71.428337 82.385002
222.214996 256.975006
448.968323 519.965027
71.285004 82.385002
448.394989 519.114990
71.141670 82.214996
447.821655 518.775024
70.998337 82.044998
447.248322 517.924988
70.855003 81.875000
333.584991 386.174988
192.401672 222.464996
78.165001 90.205002
446.674988 517.244995
70.711670 81.705002
333.011658 385.494995
51.791668 49.915001
192.115005 222.125000
78.021667 90.035004
446.101654 516.565002
70.568336 81.535004
331.864990 384.135010
51.648335 49.915001
191.541672 221.445007
77.735001 89.695000
444.954987 515.375000
70.281670 81.025002
330.718323 382.774994
51.505001 49.915001
190.968338 220.764999
77.448334 89.355003
443.808319 514.015015
69.995003 80.855003
329.571655 381.584991
51.361668 49.915001
190.395004 220.085007
77.161667 89.014999
442.661652 512.484985
69.708336 80.514999
328.424988 380.225006
51.218334 49.915001
189.821671 219.404999
76.875000 88.675003
69.421669 80.175003
327.278320 378.864990
51.075001 49.915001
189.248337 218.725006
76.588333 88.334999
69.135002 79.834999
326.131653 377.505005
50.931667 49.915001
188.675003 218.044998
76.301666 88.165001
68.848335 79.495003
324.984985 376.315002
50.788334 49.915001
188.101669 217.535004
76.014999 87.824997
295.171661 341.804993
173.195007 200.365005
68.561668 79.154999
50.645000 49.915001
187.528336 216.684998
75.728333 87.315002
294.024994 340.274994
172.621674 199.514999
68.275002 78.815002
50.501667 49.915001
186.955002 216.175003
75.441666 87.144997
292.878326 339.084991
172.048340 199.005005
67.988335 78.474998
50.358334 49.915001
186.381668 215.494995
75.154999 86.805000
291.731659 337.725006
171.475006 198.154999
67.701668 78.135002
50.215000 49.915001
185.808334 214.815002
74.868332 86.464996
382.318329 442.614990
57.955002 66.915001
290.584991 336.364990
170.901672 197.645004
67.415001 77.794998
50.071667 49.915001
185.235001 214.134995
74.581665 86.125000
289.438324 335.005005
170.328339 196.964996
67.128334 77.455002
184.661667 213.455002
74.294998 85.785004
288.291656 333.644989
169.755005 196.115005
66.841667 77.285004
184.088333 212.774994
74.008331 85.445000
287.144989 332.454987
169.181671 195.604996
66.555000 76.775002
183.514999 212.264999
73.721664 85.105003
285.998322 331.095001
168.608337 194.925003
66.268333 76.434998
182.941666 211.414993
73.434998 84.764999
284.851654 328.035004
168.035004 194.244995
65.981667 76.264999
182.368332 210.904999
73.148331 84.425003
283.704987 328.204987
167.461670 193.565002
65.695000 75.925003
181.794998 210.225006
72.861664 84.084999
282.558319 324.975006
166.888336 192.884995
65.408333 75.584999
181.221664 209.544998
72.574997 83.745003
281.411652 323.785004
166.315002 192.205002
65.121666 75.074997
180.648331 208.865005
72.288330 83.404999
165.741669 191.524994
64.834999 74.904999
180.074997 208.184998
72.001663 83.235001
165.168335 191.014999
64.548332 74.565002
179.501663 207.505005
71.714996 82.724998
164.595001 190.335007
64.261665 74.224998
183.801666 212.434998
73.864998 85.275002
286.571655 331.774994
168.895004 195.264999
66.411667 76.605003
223.934998 259.015015
79.598335 91.904999
183.228333 211.755005
73.578331 84.934998
285.424988 330.415009
168.321671 194.585007
66.125000 76.264999
223.361664 258.165009
338.171661 391.614990
194.695007 225.014999
79.311668 91.565002
182.654999 211.244995
73.291664 84.595001
284.278320 328.885010
167.748337 193.904999
65.838333 75.925003
222.788330 257.654999
337.024994 390.255005
194.121674 224.335007
79.025002 91.224998
182.081665 210.395004
73.004997 84.254997
283.131653 325.654999
167.175003 193.225006
65.551666 75.754997
335.878326 388.725006
193.548340 223.824997
78.738335 90.885002
181.508331 209.884995
72.718330 83.915001
281.984985 324.295013
166.601669 192.544998
65.264999 75.245003
334.731659 387.704987
192.975006 222.975006
78.451668 90.544998
180.934998 209.205002
72.431664 83.574997
166.028336 191.865005
64.978333 75.074997
180.361664 208.524994
72.144997 83.235001
165.455002 191.184998
64.691666 74.735001
445.528320 515.885010
70.425003 81.364998
332.438324 384.815002
191.828339 221.785004
77.878334 89.864998
179.788330 207.845001
71.858330 82.894997
164.881668 190.675003
64.404999 74.394997
444.381653 514.695007
70.138336 81.025002
331.291656 383.625000
191.255005 221.104996
77.591667 89.695000
179.214996 207.164993
388.338348 449.924988
71.571663 78.985001
164.308334 189.994995
64.118332 74.055000
205.588333 237.595001
443.234985 513.335022
69.851669 80.684998
330.144989 382.265015
190.681671 220.425003
77.305000 89.355003
203.868332 235.554993
205.014999 237.085007
69.565002 80.345001
328.998322 380.904999
190.108337 219.744995
77.018333 88.845001
204.441666 236.404999
203.294998 235.214996
135.211670 156.335007
83.611664 96.665001
69.278336 80.004997
327.851654 379.714996
189.535004 219.065002
76.731667 88.504997
202.721664 234.365005
134.638336 155.654999
83.324997 96.154999
68.991669 79.665001
326.704987 378.355011
188.961670 218.554993
76.445000 88.334999
202.148331 233.854996
134.065002 154.975006
83.038330 95.985001
295.744995 342.315002
173.481674 200.535004
68.705002 79.324997
325.558319 376.825012
188.388336 217.705002
76.158333 87.995003
201.574997 232.835007
133.491669 154.294998
82.751663 95.474998
294.598328 340.954987
172.908340 199.854996
68.418335 78.985001
324.411652 375.635010
187.815002 217.195007
75.871666 87.654999
201.001663 232.324997
132.918335 153.615005
82.464996 95.305000
163.735001 189.145004
293.451660 339.765015
172.335007 199.175003
68.131668 78.644997
187.241669 216.514999
75.584999 87.315002
163.161667 188.634995
292.304993 338.404999
171.761673 198.664993
67.845001 78.305000
186.668335 215.664993
75.298332 86.974998
162.588333 187.955002
291.158325 337.045013
171.188339 197.985001
67.558334 77.964996
186.095001 215.154999
75.011665 86.635002
162.014999 187.274994
290.011658 335.684998
170.615005 197.304993
67.271667 77.625000
185.521667 214.475006
74.724998 86.294998
161.441666 186.595001
288.864990 334.325012
170.041672 196.625000
66.985001 77.285004
184.948334 213.794998
74.438332 85.955002
160.868332 185.914993
287.718323 333.135010
169.468338 195.945007
66.698334 76.945000
184.375000 213.115005
74.151665 85.614998
160.294998 185.235001
159.721664 184.725006
159.148331 183.875000
158.574997 183.365005
80.171669 92.584999
257.618347 297.945007
225.081665 260.204987
79.885002 92.245003
224.508331 259.695007
246.868332 285.535004
246.294998 284.855011
245.721664 284.174988
245.148331 283.494995
158.001663 182.684998
244.574997 282.815002
157.428329 182.005005
430.765015 498.885010
132.345001 152.934998
244.001663 282.135010
82.178337 94.964996
81.891670 94.625000
81.605003 94.285004
81.318336 93.945000
81.031670 93.605003
80.745003 93.264999
80.458336 92.925003
