559.898010 49.974499
559.489990 49.974499
559.081970 49.974499
558.877991 49.974499
558.674011 49.974499
558.265991 49.974499
558.062012 49.974499
557.857971 49.974499
557.450012 49.974499
557.041992 49.974499
556.429993 49.974499
556.226013 49.974499
555.817993 49.974499
555.614014 49.974499
555.409973 49.974499
555.002014 49.974499
554.593994 49.974499
554.185974 554.211487
553.981995 554.007507
553.778015 553.803528
553.369995 553.293518
552.961975 552.987488
552.554016 552.579529
552.145996 552.171509
551.533997 551.559509
551.330017 551.355530
550.921997 550.947510
550.513977 550.488525
550.106018 550.131470
549.697998 549.621521
549.289978 549.264526
549.085999 549.060486
548.882019 548.907471
548.473999 548.448486
548.065979 547.989502
547.658020 547.632507
547.250000 547.275513
546.638000 546.663513
546.434021 546.408508
546.026001 546.000488
545.617981 545.592529
545.210022 545.184509
544.802002 544.725525
544.393982 544.419495
544.190002 544.215515
543.986023 544.011475
543.578003 543.603516
543.169983 543.144470
542.762024 542.736511
542.354004 542.277527
541.742004 541.716492
541.538025 541.512512
541.130005 541.104492
540.721985 540.747498
540.314026 540.288513
539.906006 539.880493
539.497986 539.472473
539.294006 539.268494
539.090027 539.064514
538.682007 538.605530
538.273987 538.248474
537.866028 537.840515
537.661987 537.636475
537.458008 537.483521
537.049988 536.973511
536.846008 536.820496
536.642029 536.565491
536.234009 536.259521
535.825989 535.749512
535.418030 535.392517
535.213989 535.188477
535.010010 534.933472
534.601990 534.576477
534.193970 534.168518
533.786011 533.760498
533.377991 533.403503
532.969971 532.995483
532.562012 532.536499
532.153992 532.128479
531.745972 531.720520
530.929993 530.904480
530.114014 530.139526
529.705994 529.680481
529.297974 529.323486
528.890015 528.864502
528.481995 528.456482
528.073975 528.099487
527.666016 527.640503
527.257996 527.232483
526.849976 526.824524
526.442017 554.109497
526.033997 554.058472
525.218018 552.987488
524.809998 552.528503
524.401978 552.222473
523.994019 551.712524
523.585999 551.406494
523.177979 550.845520
522.770020 550.437500
522.362000 550.029480
521.953979 549.621521
521.138000 548.856506
520.322021 547.938477
519.914001 547.479492
519.505981 547.173523
519.098022 546.612488
518.690002 546.153503
518.281982 545.694519
517.874023 545.286499
517.466003 544.827515
517.057983 544.368530
516.650024 544.011475
516.242004 543.552490
515.833984 543.144470
515.426025 542.736511
514.609985 541.818481
514.202026 541.410522
513.794006 541.053528
513.385986 540.543518
512.978027 540.084473
512.570007 539.829529
512.161987 539.217529
534.398010 534.423523
511.958008 539.115479
532.765991 532.791504
511.141998 538.197510
530.317993 530.343506
509.917999 536.820496
527.869995 527.895508
508.694000 535.647522
525.421997 553.242493
507.470001 534.321472
522.973999 550.692505
506.246002 533.097473
520.526001 548.091492
505.022003 531.720520
518.078003 545.490479
503.798004 530.445496
515.630005 542.787476
502.574005 529.272522
513.182007 540.288513
501.350006 554.109497
500.533997 553.497498
500.126007 553.089478
499.309998 552.222473
498.902008 551.763489
498.085999 550.845520
496.862000 549.468506
495.638000 548.142517
494.414001 546.867493
493.190002 545.490479
491.966003 544.164490
490.742004 542.838501
489.518005 541.257507
488.294006 540.135498
487.477997 539.166504
487.070007 538.605530
486.253998 537.789490
485.029999 536.310486
483.806000 534.882507
482.582001 533.607483
481.358002 532.485474
480.134003 531.108521
478.910004 529.680481
477.686005 553.395508
476.462006 551.865479
475.645996 551.151489
475.238007 550.947510
474.421997 549.774475
474.014008 549.570496
473.197998 548.550476
471.973999 546.918518
470.750000 545.490479
469.526001 544.164490
468.302002 542.634521
467.078003 541.053528
465.854004 539.727478
464.630005 538.248474
463.406006 537.075500
462.589996 536.106506
462.182007 535.698486
461.365997 534.729492
460.958008 534.168518
460.141998 533.046509
458.917999 531.567505
457.694000 530.445496
456.470001 529.017517
455.450012 527.793518
455.246002 527.691528
454.634003 526.926514
454.226013 526.314514
454.022003 526.263489
453.410004 525.498474
453.002014 524.988525
452.798004 524.682495
452.186005 524.121521
451.778015 523.509521
451.574005 523.254517
450.962006 522.387512
450.350006 521.928528
450.145996 521.673523
449.738007 521.061523
449.533997 521.010498
449.126007 520.449524
448.921997 520.194519
448.514008 519.786499
448.309998 519.531494
447.902008 519.276489
447.697998 518.766479
447.290009 518.205505
447.085999 518.052490
446.473999 517.389526
446.066010 516.828491
445.862000 516.675476
445.657990 516.573486
445.250000 515.961487
445.045990 515.706482
444.842010 515.553528
444.638000 515.247498
444.433990 514.992493
444.026001 514.533508
443.821991 514.176514
443.618011 513.972473
443.414001 513.870483
443.209991 513.564514
442.802002 513.156494
442.597992 512.646484
442.394012 512.595520
442.190002 512.238525
441.985992 512.034485
441.578003 511.728485
441.373993 511.473511
441.170013 511.269501
440.966003 510.861511
440.761993 510.759491
440.354004 510.300507
440.149994 509.994507
439.946014 509.841492
439.742004 509.586487
439.537994 509.331512
439.130005 508.923492
438.925995 508.566498
438.721985 508.362488
438.518005 508.209503
438.313995 507.852509
438.109985 507.801514
437.906006 507.495514
437.701996 507.189514
437.497986 506.883514
437.294006 506.781494
437.089996 506.475494
436.885986 506.169495
436.682007 505.965515
436.477997 505.659485
436.273987 505.455505
436.070007 505.200500
435.865997 505.098511
435.661987 504.894501
435.458008 504.741486
435.253998 504.537506
435.049988 504.129486
434.641998 503.568512
434.437988 503.313507
434.234009 503.211487
434.029999 503.109497
433.825989 502.701508
433.417999 502.191498
433.213989 501.987488
433.010010 501.732513
432.806000 501.681488
432.601990 501.324493
432.194000 500.916504
431.989990 500.661499
431.786011 500.457489
431.582001 500.100494
431.377991 499.947510
430.970001 499.335510
430.765991 499.080505
430.562012 498.927490
430.358002 498.621490
430.153992 498.417511
429.746002 497.958496
429.541992 497.805511
429.338013 497.601501
429.134003 497.193512
428.929993 496.785492
428.522003 496.581512
428.317993 496.275513
428.114014 496.020508
427.910004 495.918488
427.705994 495.612488
427.298004 495.102509
427.093994 494.847504
426.890015 494.694489
426.686005 494.439514
426.481995 493.929504
426.074005 493.521515
425.869995 493.776489
425.665985 493.317505
425.462006 492.909485
425.257996 492.654510
425.053986 492.450500
424.850006 492.246490
424.645996 492.144501
424.441986 491.838501
424.238007 491.532501
424.033997 491.328491
423.829987 491.226501
423.626007 490.869507
423.421997 490.614502
423.217987 490.257507
423.014008 490.257507
422.809998 489.747498
422.605988 489.696503
422.402008 489.441498
422.197998 489.237488
421.993988 489.033508
421.585999 488.421509
421.381989 488.319489
421.178009 488.064514
420.973999 488.013489
420.769989 487.503510
420.362000 486.891510
420.157990 486.789490
419.954010 486.738495
419.750000 486.279510
419.545990 486.228485
419.138000 485.616486
418.933990 485.361511
418.730011 485.259491
418.526001 484.953491
418.321991 484.749512
417.914001 484.341492
417.709991 483.933502
417.506012 483.882507
417.302002 483.627502
417.097992 483.372498
416.690002 482.811493
416.485992 482.454498
416.282013 482.352509
416.078003 482.097504
415.873993 481.791504
415.466003 481.332489
415.261993 481.128510
415.058014 480.975494
414.854004 480.720490
414.649994 480.567505
414.242004 480.006500
414.037994 479.802490
413.834015 479.394501
413.630005 479.241486
413.425995 479.088501
413.221985 478.731506
413.018005 478.527496
412.813995 478.425507
412.609985 477.966492
412.406006 477.864502
412.201996 477.966492
411.997986 477.456512
411.794006 477.456512
411.589996 476.946503
411.385986 476.742493
411.182007 476.334503
410.977997 476.283508
410.773987 475.977509
410.570007 475.722504
410.365997 475.365509
410.161987 475.161499
409.958008 474.957489
409.753998 474.702515
409.549988 474.651489
409.346008 474.396515
409.141998 474.039490
408.937988 473.886505
408.529999 473.427490
408.325989 473.121490
408.122009 472.866486
407.917999 472.611511
407.713989 472.458496
407.306000 471.948486
407.101990 471.693512
406.898010 471.642487
406.694000 471.183502
406.489990 470.979492
406.082001 470.469513
405.877991 470.367493
405.674011 469.959503
405.470001 469.806488
405.265991 469.653503
404.858002 468.939514
404.653992 468.837494
404.450012 468.429504
404.246002 468.378510
404.041992 468.021515
403.634003 467.613495
403.429993 467.409485
403.226013 467.205505
403.022003 467.052490
402.817993 466.695496
402.410004 466.185486
402.205994 466.032501
402.002014 465.471497
401.798004 465.726501
401.593994 465.318512
401.186005 465.063507
400.981995 464.706512
400.778015 464.298492
400.574005 464.145508
400.369995 463.788513
400.165985 463.635498
399.962006 463.533508
399.757996 463.278503
399.553986 463.023499
399.350006 462.717499
399.145996 462.462494
398.941986 462.309509
398.738007 462.054504
398.533997 461.799500
398.329987 461.442505
398.126007 461.289490
397.921997 461.187500
397.717987 460.677490
397.514008 460.575500
397.309998 460.218506
397.105988 460.218506
396.902008 459.912506
396.697998 459.708496
396.493988 459.300507
396.290009 459.249512
396.085999 458.790497
395.881989 458.739502
395.473999 458.331512
395.269989 457.974487
395.066010 457.821503
394.862000 457.515503
394.657990 457.362488
394.250000 456.852509
394.045990 456.495514
393.842010 456.444489
393.638000 455.985504
393.433990 455.832489
393.026001 455.271515
392.821991 455.118500
392.618011 454.914490
392.414001 454.659485
392.209991 454.302490
391.802002 454.047485
391.597992 453.792511
391.394012 453.435486
391.190002 453.231506
390.985992 453.027496
390.578003 452.517487
390.373993 452.262512
390.170013 451.956512
389.966003 451.956512
389.761993 451.548492
389.354004 451.089508
389.149994 451.140503
388.946014 450.732513
388.742004 450.426514
388.537994 450.273499
388.130005 449.814514
387.925995 449.457489
387.721985 449.253510
387.518005 448.998505
387.313995 448.794495
387.109985 448.488495
386.906006 448.284485
386.701996 447.978485
386.497986 447.825500
386.294006 447.570496
386.089996 447.315491
385.885986 447.060486
385.682007 447.009491
385.477997 446.652496
385.273987 446.550507
385.070007 446.091492
384.865997 445.887512
384.661987 445.581512
384.458008 445.530487
384.253998 445.173492
384.049988 444.969513
383.641998 444.561493
383.437988 444.306488
383.234009 444.000488
383.029999 443.745514
382.825989 443.541504
382.417999 443.133514
382.213989 442.725494
382.010010 442.623505
381.806000 442.521515
381.601990 442.113495
381.194000 441.654510
380.989990 441.552490
380.786011 441.042511
380.582001 440.889496
380.377991 440.685486
379.970001 440.175507
379.765991 439.869507
379.562012 439.818512
379.358002 439.614502
379.153992 439.308502
378.746002 438.798492
378.541992 438.441498
378.338013 438.492493
378.134003 438.084503
377.929993 437.778503
377.522003 437.370514
377.317993 437.115509
377.114014 436.911499
376.910004 436.605499
376.705994 436.605499
376.298004 435.942505
376.093994 435.738495
375.890015 435.534485
375.686005 435.381500
374.462006 433.749512
373.645996 433.035492
372.829987 431.964508
371.402008 430.230499
371.197998 429.975494
370.381989 429.108490
368.954010 427.527496
368.750000 427.272491
367.933990 426.354492
366.506012 424.722504
366.302002 424.467499
365.485992 423.600494
364.058014 421.764496
363.854004 421.662506
363.037994 420.489502
362.630005 420.132507
362.221985 419.673492
361.406006 418.704498
360.589996 417.837494
359.773987 416.766510
358.346008 415.134491
358.141998 414.879486
357.325989 414.012512
355.898010 412.278503
355.694000 412.074493
354.877991 411.207489
353.450012 409.422485
353.246002 409.320496
352.429993 408.300507
351.002014 406.770508
350.798004 406.413513
349.981995 405.444489
349.574005 404.934509
349.165985 404.424500
348.350006 403.506500
347.533997 402.690491
346.717987 401.670502
345.290009 400.089508
345.085999 399.783508
344.269989 398.763489
342.842010 397.284485
342.638000 396.876495
341.821991 396.009491
340.394012 394.275513
340.190002 394.122498
339.373993 393.153503
337.946014 391.521515
337.742004 391.368500
336.925995 390.399506
336.518005 389.838501
336.109985 389.430511
559.693970 49.974499
334.682007 387.747498
334.477997 387.492493
333.661987 386.472504
554.797974 49.974499
332.234009 384.840515
332.029999 384.687500
331.213989 383.667511
549.901978 549.927490
329.786011 382.086487
329.582001 381.831512
328.765991 380.862488
545.005981 544.980530
327.338013 379.230499
327.134003 378.873505
326.317993 377.955505
540.109985 540.084473
324.890015 376.425507
324.686005 376.119507
323.869995 375.201508
323.462006 374.793488
323.053986 374.283508
533.581970 533.556519
511.549988 538.656494
321.626007 372.651489
321.421997 372.294495
320.605988 371.376495
528.685974 528.711487
509.101990 536.055481
319.178009 369.795502
318.973999 369.438507
527.461975 527.436523
508.489990 535.392517
154.345993 178.596497
318.566010 369.132507
318.157990 368.622498
525.013977 552.885498
507.265991 534.168518
153.733994 177.882507
317.342010 367.704498
523.789978 551.508484
506.653992 533.403503
316.730011 366.990509
316.526001 366.633514
522.565979 550.335510
506.041992 532.791504
153.121994 177.219498
316.118011 366.378510
315.709991 365.613495
520.117981 547.683472
504.817993 531.516479
152.509995 176.454498
314.894012 364.746490
518.893982 546.357483
504.205994 530.904480
314.282013 364.032501
314.078003 363.879486
517.669983 545.082520
503.593994 530.343506
151.897995 175.740494
313.670013 363.471497
313.261993 362.859497
515.221985 542.532471
502.369995 528.966492
151.285995 175.026505
312.446014 361.890503
501.553986 527.997498
311.630005 360.972504
310.813995 360.054504
500.329987 553.344482
310.406006 359.595490
309.997986 359.136505
499.105988 552.222473
309.182007 358.116486
498.493988 551.100525
308.570007 357.402496
308.365997 357.198486
497.881989 550.845520
307.958008 356.688507
307.549988 356.331512
496.657990 549.264526
148.429993 171.762497
306.734009 355.362488
496.045990 548.601501
306.122009 354.699493
305.917999 354.393494
495.433990 548.040527
147.817993 171.048492
305.510010 353.985504
305.101990 353.475494
494.209991 546.714478
147.205994 170.334503
304.286011 352.557495
493.597992 545.898499
303.674011 351.792511
303.470001 351.690491
492.985992 545.235474
146.593994 169.620499
303.062012 351.078491
302.653992 350.517487
491.761993 543.756470
145.981995 168.957504
301.838013 349.599487
491.149994 543.246521
301.226013 348.987488
301.022003 348.732513
490.537994 542.583496
145.369995 168.243500
300.614014 348.222504
300.205994 347.712494
489.313995 541.155518
144.757996 167.427505
299.390015 346.743500
488.701996 540.441528
298.778015 346.029510
488.497986 540.237488
298.574005 345.774506
297.757996 344.958496
487.273987 538.962524
297.350006 344.448486
296.941986 344.091492
486.049988 537.534485
296.126007 343.020508
485.437988 537.024475
295.514008 342.306488
295.309998 342.204498
484.825989 536.208496
294.902008 341.643494
294.493988 341.082489
483.601990 534.984497
141.901993 164.112503
293.678009 340.215515
482.989990 534.015503
293.066010 339.552490
292.862000 339.297485
482.377991 533.505493
141.289993 163.449493
292.454010 338.736511
292.045990 338.277496
481.153992 532.026489
140.677994 162.735504
291.230011 337.308502
480.541992 531.465515
290.618011 336.594513
290.414001 336.492493
479.929993 530.853516
140.065994 162.072495
290.006012 335.982513
289.597992 335.472504
478.705994 529.629517
139.453995 161.358505
288.782013 334.503510
478.093994 553.956482
288.170013 333.840515
287.966003 333.636505
477.481995 553.344482
138.841995 160.593506
287.558014 333.075500
287.149994 332.616486
476.257996 551.865479
138.229996 159.930496
286.334015 331.596497
475.441986 551.049500
285.518005 330.780487
284.701996 329.607513
474.217987 549.774475
284.294006 329.250488
283.885986 328.587494
472.993988 548.142517
283.070007 325.833496
472.381989 547.428528
282.458008 325.170502
282.253998 324.915497
471.769989 546.612488
135.985992 157.329498
281.846008 324.507507
281.437988 323.997498
470.545990 545.388489
135.373993 156.615494
280.622009 323.028503
469.933990 544.674500
280.010010 322.263489
279.806000 322.161499
469.321991 543.858521
134.761993 155.952499
279.398010 323.232513
278.989990 322.926514
468.097992 542.481506
134.149994 155.238495
278.174011 321.957489
467.485992 541.665527
277.562012 321.243500
277.358002 321.090515
466.873993 541.053528
133.537994 154.524506
276.950012 320.478485
276.541992 320.121490
465.649994 539.880493
132.925995 153.810501
275.726013 319.050507
465.037994 539.115479
275.114014 318.387512
274.910004 318.132507
464.425995 538.146484
132.313995 153.045502
274.502014 317.673492
274.093994 317.265503
463.609985 537.279480
273.686005 316.755493
463.201996 536.463501
131.701996 152.382507
273.278015 316.347504
462.385986 535.800476
272.462006 315.327515
271.645996 314.358490
461.161987 534.474487
271.238007 313.899506
270.829987 313.491486
459.937988 533.046509
270.014008 312.471497
459.325989 532.281494
269.402008 311.757507
269.197998 311.553497
458.713989 531.516479
129.457993 149.832504
268.790009 311.196503
268.381989 310.584503
457.489990 530.139526
128.845993 149.118500
267.566010 309.717499
267.362000 309.411499
456.877991 529.221497
266.954010 308.901489
266.750000 308.646515
266.545990 308.493500
456.265991 528.660522
128.233994 148.302505
266.342010 308.238495
266.138000 307.983490
265.933990 307.830505
265.321991 307.014496
455.041992 527.232483
265.118011 306.861511
264.914001 306.606506
454.429993 526.671509
264.506012 306.096497
264.302002 305.943512
56.630001 65.529503
264.097992 305.637512
453.817993 525.804504
263.894012 305.433502
263.690002 305.178497
263.485992 305.025513
262.873993 304.311493
452.593994 524.682495
262.670013 304.056488
262.466003 303.699493
451.981995 523.713501
262.058014 303.240509
261.854004 302.985504
261.649994 302.781494
451.369995 523.407471
261.446014 302.628510
451.165985 522.744507
261.242004 302.322510
261.037994 302.169495
450.553986 522.030518
260.630005 301.608490
260.425995 301.353485
513.997986 541.206482
501.757996 528.354492
311.834015 361.278503
260.221985 301.149506
259.609985 300.486511
449.329987 520.398499
259.406006 300.180511
56.018002 64.815498
259.201996 299.925507
448.717987 519.837524
258.794006 299.466492
258.589996 299.262512
258.385986 299.007507
448.105988 519.429504
258.182007 298.803497
257.977997 298.599487
257.773987 298.395508
257.161987 297.528503
446.881989 517.746521
256.958008 297.375488
256.753998 297.120514
446.269989 517.134521
256.346008 296.661499
256.141998 296.355499
255.938004 296.253510
553.166016 553.191528
255.733994 295.947510
255.529999 295.743500
255.326004 295.488495
550.718018 550.641479
255.121994 295.284485
254.917999 295.029510
254.714005 294.774506
548.270020 548.244507
254.509995 294.519501
254.306000 294.315491
254.102005 294.111511
545.822021 545.796509
253.897995 293.805511
253.694000 293.601501
253.490005 293.244507
543.374023 543.399475
253.285995 293.040497
253.082001 292.887512
252.878006 292.632507
540.926025 540.900513
252.673996 292.428497
252.470001 292.275513
252.266006 291.918488
538.478027 538.452515
252.061996 291.714508
251.858002 291.561493
251.654007 291.204498
536.030029 536.055481
251.449997 290.949493
251.246002 290.745514
251.042007 290.541504
250.837997 290.286499
250.634003 290.082489
531.950012 531.924500
510.734009 537.789490
250.429993 289.827515
250.225998 289.572510
250.022003 289.317505
529.502014 529.425476
509.510010 536.514526
249.817993 289.164490
249.613998 288.807495
249.410004 288.654510
527.054016 527.079529
508.286011 535.188477
249.205994 288.450500
249.001999 288.144501
248.798004 287.889496
524.606018 552.426514
507.062012 533.913513
248.593994 287.736511
248.389999 287.379486
248.186005 287.226501
522.158020 549.825500
505.838013 532.638489
247.981995 286.971497
247.778000 286.818512
247.574005 286.512512
519.710022 547.275513
504.614014 531.312500
247.369995 286.308502
247.166000 286.053497
246.962006 285.798492
517.262024 544.674500
503.390015 529.986511
246.757996 285.594513
246.554001 285.288513
246.350006 285.135498
514.814026 542.124512
246.145996 284.931488
245.942001 284.574493
245.738007 284.370514
512.366028 539.472473
245.533997 284.166504
245.330002 283.911499
245.126007 283.656494
244.921997 283.452515
244.718002 283.248505
244.514008 282.942505
244.309998 282.738495
244.106003 282.483490
497.678009 550.386475
243.901993 282.279510
243.697998 282.024506
243.494003 281.820496
496.454010 549.009521
243.289993 281.565491
243.085999 281.310486
242.882004 281.055511
495.230011 547.836487
242.677994 280.902496
242.473999 280.647491
242.270004 280.341492
494.006012 546.357483
242.065994 280.188507
241.862000 279.882507
241.658005 279.678497
492.782013 544.980530
241.453995 279.423492
241.250000 279.168488
241.046005 278.913513
491.558014 543.705505
240.841995 278.658508
240.638000 278.505493
240.434006 278.301514
490.334015 542.277527
240.229996 278.046509
240.026001 277.740509
239.822006 277.536499
239.617996 277.332489
239.414001 277.128510
239.005997 276.669495
238.802002 276.363495
238.598007 276.159485
238.393997 275.802490
238.190002 275.649506
485.846008 537.228516
237.985992 275.496490
237.781998 275.190491
237.578003 274.935486
484.622009 536.055481
237.373993 274.731506
236.966003 274.221497
483.398010 534.627502
236.761993 274.017487
236.557999 273.762512
482.174011 533.301514
236.149994 273.303497
235.945999 273.048492
235.742004 272.844513
480.950012 531.924500
235.537994 272.589508
235.334000 272.334503
235.130005 272.028503
479.726013 530.649475
234.925995 271.926514
234.518005 271.365509
478.502014 553.956482
234.313995 271.161499
234.110001 270.906494
477.278015 553.242493
233.701996 270.447510
233.498001 270.243500
233.294006 270.039490
232.886002 269.529510
232.477997 269.070496
232.070007 268.611511
231.865997 268.356506
231.662003 268.101501
472.790009 547.785522
231.457993 267.897491
231.253998 267.540497
231.050003 267.387512
471.566010 546.510498
230.845993 267.132507
230.438004 266.673492
470.342010 545.184509
230.233994 266.469513
230.029999 266.265503
469.118011 543.654480
229.621994 265.806488
229.417999 265.500488
229.214005 265.245514
228.806000 264.735504
228.602005 264.531494
466.670013 540.798523
228.397995 264.276489
227.990005 263.817505
465.446014 539.319519
227.785995 263.613495
227.582001 263.256500
227.173996 262.899506
226.970001 262.695496
226.766006 262.389496
226.358002 261.930511
225.949997 261.471497
225.542007 261.012512
225.337997 260.757507
225.134003 260.502502
459.734009 532.587524
224.929993 260.298492
224.725998 260.043488
224.522003 259.788513
458.510010 531.567505
224.317993 259.584503
223.910004 259.074493
457.286011 529.731506
223.705994 258.870514
223.501999 258.717499
456.062012 528.609497
223.093994 258.156494
222.889999 257.901489
222.686005 257.748505
222.278000 257.238495
222.074005 257.034485
453.614014 525.855530
221.869995 256.779510
221.462006 256.320496
452.390015 524.427490
221.257996 256.014496
221.054001 255.861496
220.645996 255.402496
220.442001 255.096497
220.238007 254.892502
219.830002 254.433502
219.421997 253.974503
219.014008 253.515503
218.809998 253.260498
218.606003 253.056503
446.678009 517.746521
218.401993 252.852493
218.197998 252.546494
217.994003 252.342499
445.454010 516.165527
217.789993 252.087494
217.382004 251.730499
444.230011 514.788513
217.177994 251.424500
216.973999 251.220505
443.006012 513.309509
216.565994 250.659500
216.362000 250.557495
216.158005 250.251495
215.750000 249.690506
215.546005 249.486496
440.558014 510.504486
215.341995 249.231506
214.934006 248.721497
439.334015 508.974487
214.729996 248.619507
214.526001 248.466507
214.117996 247.803497
213.914001 247.599503
213.710007 247.395493
213.302002 246.885498
212.893997 246.273499
434.846008 503.823486
212.485992 245.865494
212.078003 245.406494
211.669998 244.947495
432.398010 501.120514
211.261993 244.488495
210.854004 243.927505
210.445999 243.417496
429.950012 498.264496
210.037994 243.111496
57.037998 65.988503
428.726013 496.938507
209.425995 242.397507
209.222000 241.989502
427.502014 495.255493
208.813995 241.683502
208.406006 241.122498
207.998001 240.612503
207.589996 240.051498
206.774002 239.235504
206.365997 238.827499
421.790009 488.676514
205.957993 238.266495
205.550003 237.807495
205.141998 237.297501
419.342010 485.769501
204.733994 236.940506
204.326004 236.481506
203.917999 236.073502
416.894012 483.066498
203.509995 235.614502
55.405998 64.101501
415.670013 481.740509
202.897995 234.798492
202.694000 234.543503
414.446014 480.159485
202.285995 234.084503
201.878006 233.676498
201.470001 233.013504
201.061996 232.656494
200.246002 231.687500
408.734009 473.580505
199.429993 230.718506
198.613998 229.851501
197.798004 228.882507
403.838013 467.664490
196.981995 227.913498
53.773998 62.163502
402.614014 466.440491
196.369995 227.301498
196.166000 226.995499
195.350006 226.128494
194.533997 225.108505
194.126007 224.649506
193.718002 224.088501
395.678009 458.331512
192.901993 223.272507
192.494003 222.813507
192.085999 222.252502
191.270004 221.334503
390.782013 452.721497
190.453995 220.314499
190.046005 219.957504
52.141998 49.974499
389.558014 451.395508
189.841995 219.702499
189.638000 219.447495
188.822006 218.478500
188.005997 217.509506
187.598007 217.050507
187.190002 216.591507
382.622009 443.235504
186.373993 215.724503
185.966003 215.214493
185.557999 214.704498
184.742004 213.735504
377.726013 437.625488
183.925995 212.817505
183.518005 212.409500
50.509998 49.974499
376.502014 436.146515
183.313995 212.154495
183.110001 211.797501
182.294006 210.981506
374.665985 434.106506
181.477997 210.063507
373.850006 433.137512
181.070007 209.553497
373.033997 432.270508
180.662003 209.094498
369.566010 428.241486
179.845993 208.125504
370.585999 429.363495
179.438004 207.564499
369.769989 428.343506
179.029999 207.105499
368.138000 426.609497
178.214005 206.238495
364.670013 422.427490
177.397995 205.269501
365.690002 423.651489
176.990005 204.810501
363.446014 421.152496
176.785995 204.504501
364.873993 422.733490
176.582001 204.351501
363.649994 421.305511
175.970001 203.586502
363.242004 420.744507
175.766006 203.433502
175.561996 202.974503
362.018005 419.367493
168.626007 195.120499
95.797997 110.817497
99.061996 114.591499
175.154007 202.668503
361.609985 418.959503
174.949997 202.362503
361.201996 418.551514
174.746002 202.209503
360.794006 417.837494
174.542007 201.954498
360.385986 417.480499
174.337997 201.750504
359.977997 416.970490
174.134003 201.495499
358.753998 415.695496
173.522003 200.883499
356.510010 413.094513
173.317993 200.475494
357.937988 414.726501
173.113998 200.526505
357.529999 414.165497
172.910004 200.016495
356.713989 413.298492
172.501999 199.608505
356.306000 412.890503
172.298004 199.404495
355.489990 412.023499
171.889999 198.945496
355.082001 411.360504
171.686005 198.741501
352.838013 408.759491
171.481995 198.384506
353.858002 409.983490
171.074005 197.976501
351.614014 407.382507
170.869995 197.721497
353.041992 409.065491
170.666000 197.517502
352.634003 408.555511
170.462006 197.211502
350.390015 405.954498
170.257996 196.956497
351.817993 407.535492
170.054001 196.854507
351.410004 407.127502
169.850006 196.497498
350.593994 406.209503
169.442001 196.038498
350.186005 405.750488
169.238007 195.834503
169.033997 195.630493
348.962006 404.169495
162.098007 187.572495
92.533997 107.043503
348.553986 403.914490
168.421997 194.916504
348.145996 403.302490
168.218002 194.661499
347.329987 402.435486
167.809998 194.202499
345.697998 400.599487
166.994003 193.233505
343.454010 397.947510
166.789993 192.978500
344.881989 399.426514
166.585999 192.774506
343.657990 397.998505
165.973999 192.060501
343.250000 397.692505
165.770004 191.907501
342.433990 396.570496
165.362000 191.346497
339.782013 393.561493
164.953995 190.836502
340.802002 394.734497
164.546005 190.479507
338.558014 392.184509
164.341995 190.173492
339.985992 393.969513
164.138000 189.918503
337.334015 390.705505
163.729996 189.459503
338.761993 392.388489
163.526001 189.204498
338.354004 391.980499
163.322006 189.000504
337.537994 391.062500
162.914001 188.541504
336.721985 390.195496
162.505997 188.031494
335.906006 389.124512
155.570007 180.024506
89.269997 103.269501
335.497986 388.665497
557.653992 49.974499
161.893997 187.317505
335.089996 388.257507
556.838013 49.974499
161.690002 187.113495
334.273987 387.288513
555.205994 49.974499
161.281998 186.654495
332.641998 385.401489
551.942017 551.967529
160.466003 185.685501
551.125977 551.100525
330.398010 382.749512
160.261993 185.430496
331.825989 384.432495
550.309998 550.284485
160.057999 185.226501
330.601990 383.004486
547.862000 547.836487
159.445999 184.461502
330.194000 382.494507
547.046021 547.020508
159.242004 184.308502
329.377991 381.627502
545.414001 545.439514
158.834000 183.798492
543.781982 543.756470
326.726013 378.516510
158.425995 183.288498
327.746002 379.587494
542.150024 542.073486
158.018005 182.829498
541.333984 541.257507
325.502014 377.037506
157.813995 182.574493
326.929993 378.771515
540.518005 540.441528
157.610001 182.421494
538.885986 538.911499
324.278015 375.660492
157.201996 181.962494
325.705994 377.394501
538.070007 538.044495
156.998001 181.707504
325.298004 376.935486
150.266006 173.904495
86.617996 100.209503
537.254028 537.279480
156.794006 181.401505
324.481995 375.966492
535.622009 535.596497
156.386002 180.942505
182.701996 211.440506
375.278015 434.871490
323.665985 374.997498
533.989990 533.964478
511.753998 538.809509
155.977997 180.432495
322.850006 373.926514
149.042007 172.476501
86.005997 99.495499
322.441986 373.467499
531.541992 531.567505
510.529999 537.636475
155.365997 179.718506
322.033997 372.906494
530.726013 530.700500
510.122009 537.126526
155.162003 179.565506
63.770000 73.791496
321.217987 372.192505
529.093994 529.068481
509.306000 536.310486
154.753998 179.106506
63.566002 73.485497
319.585999 370.203491
525.830017 553.548523
507.674011 534.576477
153.938004 178.137497
180.457993 208.788498
370.790009 429.516510
318.769989 369.285492
524.197998 551.814514
506.858002 533.709473
153.529999 177.627502
317.545990 367.908508
521.750000 549.366516
505.634003 532.383484
152.917999 176.964493
317.138000 367.500488
520.934021 548.550476
505.226013 531.924500
152.714005 176.658493
63.158001 73.077499
316.321991 366.378510
519.302002 546.714478
504.410004 531.159485
152.306000 176.199493
178.621994 206.748505
367.118011 425.283508
314.690002 364.542511
516.038025 543.348511
502.778015 529.425476
151.490005 175.281494
178.009995 205.932495
365.894012 423.804504
313.873993 363.573486
514.406006 541.716492
501.962006 528.507507
151.082001 174.822495
512.773987 539.931519
501.145996 554.058472
150.673996 174.312500
312.649994 362.145508
500.738007 553.599487
150.470001 174.057495
502.165985 528.762512
312.242004 361.686493
143.738007 166.305496
83.353996 96.435501
62.546001 72.363503
311.425995 360.717499
499.514008 552.375488
149.858002 173.394501
310.609985 359.799500
498.697998 551.610474
149.449997 172.833496
499.717987 552.732483
309.794006 358.830505
142.514008 164.928497
82.741997 95.619499
309.385986 358.422485
497.473999 550.182495
148.837997 172.221497
308.977997 357.912506
497.066010 549.825500
148.634003 171.966507
62.138000 71.853500
308.161987 356.943512
496.250000 549.009521
148.225998 171.507507
306.529999 355.107513
494.618011 547.071472
147.410004 170.538498
173.929993 201.291504
357.734009 414.471497
305.713989 354.189514
493.802002 546.204529
147.001999 170.130493
304.489990 352.863495
492.578003 544.827515
146.389999 169.416504
304.082001 352.302490
492.170013 544.164490
146.186005 169.110504
61.526001 71.190498
303.265991 351.231506
491.354004 543.348511
145.778000 168.651505
172.093994 199.149506
354.062012 410.136505
301.634003 349.446503
144.962006 167.733505
300.817993 348.528503
488.906006 540.594482
144.554001 167.274506
488.089996 539.676514
144.145996 166.764496
299.593994 346.947510
487.682007 539.268494
143.942001 166.560501
489.109985 541.104492
299.186005 346.692505
137.210007 158.757507
80.089996 92.661499
486.865997 538.350525
143.533997 166.101501
60.914001 70.476501
298.369995 345.621490
486.458008 538.044495
143.330002 165.846497
297.553986 344.754486
485.641998 537.126526
142.921997 165.285507
486.661987 538.248474
296.738007 343.530487
79.477997 91.947502
296.329987 343.224487
484.417999 535.800476
142.309998 164.673492
295.921997 342.816498
484.010010 535.188477
142.106003 164.418503
347.126007 402.180511
60.506001 70.017502
295.105988 341.949493
483.194000 534.219482
141.697998 163.959503
293.881989 340.419495
481.970001 532.995483
141.085999 163.245499
293.473999 339.960510
481.562012 532.383484
140.882004 162.990494
167.401993 193.692505
344.678009 399.324493
292.657990 338.991486
480.746002 531.618530
140.473999 162.531494
291.433990 337.563507
479.522003 530.190491
139.862000 161.817505
291.026001 337.155487
479.114014 529.731506
139.658005 161.613495
166.177994 192.264496
342.230011 396.366486
59.894001 69.303497
290.209991 336.084503
478.298004 554.058472
139.250000 161.103500
165.565994 191.652496
341.006012 395.142487
288.985992 334.809509
477.074005 552.885498
138.638000 160.389496
288.578003 334.248505
138.434006 160.185501
287.761993 333.330505
475.850006 551.457520
138.026001 159.726501
475.033997 550.539490
137.617996 159.267502
476.053986 551.712524
286.130005 331.494507
130.682007 151.209503
76.825996 88.836502
285.721985 330.882507
473.809998 549.264526
137.005997 158.553497
59.282001 68.538498
285.313995 330.474487
473.402008 548.550476
136.802002 158.298492
284.497986 329.301514
472.585999 547.581482
136.393997 157.788498
283.273987 326.088501
471.362000 546.306519
135.781998 157.074493
282.865997 325.578491
470.954010 545.847473
135.578003 156.870499
558.469971 49.974499
334.070007 386.931488
58.874001 68.130501
282.049988 324.660492
470.138000 544.827515
135.169998 156.360504
280.825989 323.181488
468.914001 543.297485
134.557999 155.697495
280.417999 322.824493
468.506012 543.093506
134.354004 155.442505
553.573975 553.548523
160.873993 186.042496
331.622009 384.279510
279.601990 323.334503
467.690002 541.869507
133.945999 154.932495
278.377991 322.263489
466.466003 540.543518
133.334000 154.320496
277.970001 321.702515
466.058014 540.288513
133.130005 154.014496
548.677979 548.652527
159.649994 184.767502
329.174011 381.321503
58.262001 67.416496
277.153992 320.682495
465.242004 539.217529
132.722000 153.606506
546.229980 546.255493
159.037994 184.002502
327.950012 379.944489
275.929993 319.407501
464.018005 537.381470
132.110001 152.892502
275.522003 318.897491
131.906006 152.586502
274.705994 317.979492
462.794006 536.412476
131.498001 152.127502
461.977997 535.341492
131.089996 151.668503
54.998001 63.642502
112.117996 129.738495
201.266006 232.911499
194.738007 225.363495
108.853996 125.964500
273.481995 316.551514
461.570007 534.831482
130.886002 151.464493
462.997986 536.463501
273.074005 315.990509
73.561996 85.113503
272.665985 315.633514
460.753998 533.964478
130.477997 151.005493
57.650002 66.651497
272.257996 315.123505
460.346008 533.403503
130.274002 150.750504
360.997986 418.398499
108.445999 125.454498
461.773987 535.341492
271.850006 314.664490
130.070007 150.495499
111.505997 129.024506
200.042007 231.483505
193.514008 223.884506
108.241997 125.199501
271.033997 313.695496
459.122009 532.026489
129.662003 150.036499
270.217987 312.726501
458.306000 531.006470
129.253998 149.526505
269.809998 312.267487
457.898010 530.802490
129.050003 149.322495
532.357971 532.383484
510.937988 537.993530
321.014008 371.886505
54.386002 62.877499
107.629997 124.536499
268.585999 310.890503
456.674011 529.221497
128.438004 148.608505
267.769989 309.870514
455.858002 528.252502
128.029999 148.200500
271.441986 314.205505
459.529999 532.485474
129.865997 150.240494
125.786003 145.548492
57.242001 66.192497
268.993988 311.298492
457.082001 529.680481
128.641998 148.812500
125.174004 144.834503
123.134003 142.437500
122.522003 141.825500
121.910004 141.060501
119.870003 138.765503
119.258003 138.000504
118.646004 137.235504
127.622002 147.639496
116.606003 134.889496
127.010002 146.976501
115.994003 134.175507
126.398003 146.211502
115.382004 133.461502
124.358002 143.916504
113.342003 131.166504
123.746002 143.202499
112.730003 130.452499
121.094002 140.142502
367.526001 425.538513
110.078003 127.392502
120.482002 139.377502
365.078003 422.988495
109.466003 126.678497
117.830002 136.368500
433.622009 502.497498
211.873993 245.202499
354.470001 410.697510
106.814003 123.567497
117.218002 135.603500
431.174011 499.641510
210.649994 243.774506
352.022003 407.790497
106.202003 122.853500
65.606003 75.882500
322.238007 373.314514
125.582001 145.293503
114.566002 132.543503
420.566010 487.197510
205.345993 237.654495
341.414001 395.499512
103.550003 119.793503
64.994003 75.219498
529.909973 529.833496
509.713989 536.718506
154.957993 179.310501
319.790009 370.407501
124.970001 144.579498
113.954002 131.931503
418.118011 484.392487
204.121994 236.277496
338.966003 392.592499
102.938004 119.079498
122.318001 141.519501
372.421997 431.556488
111.302002 128.769501
407.510010 472.203491
198.817993 230.004501
328.358002 380.403503
100.286003 116.070503
121.706001 140.805496
369.973999 428.649506
110.690002 128.055496
405.062012 469.245514
197.593994 228.678497
325.910004 377.445496
99.674004 115.356499
119.666000 138.459503
361.813995 419.163513
108.650002 125.709503
317.750000 368.112488
97.634003 112.959503
119.054001 137.796494
359.365997 416.256500
108.038002 124.995499
394.454010 457.056488
192.289993 222.507507
315.302002 365.205505
97.022003 112.245499
118.442001 137.031494
356.917999 413.451508
107.426003 124.281502
392.006012 454.302490
191.065994 221.079498
312.854004 362.400513
96.410004 111.531502
347.738007 402.945496
168.014008 194.406494
127.417999 147.435501
116.402000 134.685501
348.757996 404.067505
105.386002 121.884499
383.846008 444.867493
186.985992 216.387497
304.694000 352.914490
94.370003 109.185501
126.806000 146.721497
115.790001 133.971497
346.309998 401.109497
104.774002 121.221497
381.398010 441.858490
185.761993 214.908493
302.246002 350.109497
93.758003 108.471497
126.194000 146.007507
115.178001 133.257507
343.862000 398.355499
104.162003 120.507500
378.950012 439.104492
184.537994 213.531494
489.721985 541.563477
299.798004 347.202515
93.146004 107.757500
124.153999 143.610504
113.138000 130.911499
335.701996 388.818512
102.122002 118.161499
291.638000 337.869507
551.737976 551.763489
91.106003 105.411499
123.542000 142.794495
112.526001 130.248505
333.253998 386.115509
101.510002 117.447502
368.342010 426.864502
179.233994 207.411499
289.190002 335.064514
546.841980 546.816528
90.494003 104.697502
284.089996 328.791504
472.178009 547.122498
136.190002 157.584503
114.769997 132.747498
206.570007 239.082504
100.489998 116.274498
182.906006 211.593506
67.442001 77.973503
204.938004 237.144501
78.458000 90.774498
285.109985 330.117493
89.473999 103.524498
374.257996 433.596497
181.274002 209.757507
66.625999 77.055496
203.306000 235.359497
479.317993 529.935486
289.394012 335.166504
77.641998 89.856499
557.245972 49.974499
333.458008 386.319489
88.657997 102.606499
323.257996 374.487488
533.174011 533.097473
511.346008 538.401489
155.774002 180.279495
104.365997 120.762497
52.754002 61.092499
124.561996 144.120499
226.154007 261.726501
219.626007 254.280502
121.297997 140.346497
279.194000 323.130493
467.282013 541.308472
133.742004 154.779495
110.281998 127.596497
99.265999 114.846497
66.218002 76.596497
202.490005 234.288498
77.234001 89.346497
280.213989 322.518494
88.250000 102.096497
372.626007 431.760498
98.449997 113.877502
369.362000 428.037506
178.826004 206.901505
65.402000 75.627502
200.858002 232.401505
76.417999 88.377502
547.453979 547.428528
328.562012 380.556488
87.433998 101.127502
366.097992 424.059509
177.194000 204.963501
64.585999 74.760498
199.225998 230.514496
471.157990 546.153503
281.234009 323.691498
75.601997 87.459503
367.730011 426.150513
97.225998 112.500504
364.466003 422.325500
176.378006 204.096497
64.178001 74.250504
198.410004 229.545502
75.194000 87.000504
272.053986 314.919495
86.209999 99.750504
196.778000 227.709503
466.261993 540.288513
276.338013 319.815491
74.377998 86.031502
531.133972 531.159485
510.325989 537.279480
320.402008 371.274506
85.393997 98.781502
310.201996 359.391510
498.290009 551.049500
149.246002 172.680496
101.101997 116.988503
51.122002 49.974499
213.098007 246.579498
118.033997 136.572495
107.017998 123.771500
362.834015 420.387512
311.221985 360.564514
96.001999 111.123497
195.962006 226.740494
73.970001 85.623497
267.157990 309.105499
84.986000 98.322502
359.570007 416.715515
95.185997 110.154503
194.330002 224.853500
73.153999 84.654503
521.341980 548.907471
505.429993 532.383484
315.506012 365.460510
84.169998 97.404503
192.697998 223.017502
458.101990 530.802490
268.178009 310.380493
72.337997 83.685501
104.977997 121.476501
354.674011 410.952515
93.961998 108.675499
191.882004 221.997498
71.930000 83.226501
258.997986 299.721497
82.945999 95.976501
190.250000 220.110504
453.205994 525.141479
263.282013 304.617493
71.113998 82.308502
212.281998 245.661499
497.269989 549.978516
307.346008 356.178497
82.129997 95.007500
297.145996 344.193512
485.234009 536.616516
142.718002 165.132507
103.753998 120.099503
349.778015 405.291504
298.165985 345.468506
92.737999 107.298500
189.434006 219.141495
70.706001 81.798500
211.466003 244.743500
81.722000 94.599503
339.578003 393.459503
163.934006 189.663498
125.377998 145.038498
114.362000 132.339493
340.597992 394.581512
103.346001 119.589500
296.533997 343.377502
92.330002 106.839500
81.314003 94.089500
346.514008 401.466492
91.921997 106.329498
187.802002 217.356506
69.889999 80.829498
209.834000 242.805496
492.373993 544.572510
302.450012 350.466492
80.905998 93.630501
336.313995 389.583496
559.286011 49.974499
162.302002 187.827499
127.825996 147.894501
232.682007 269.274506
292.250000 338.583496
480.338013 531.210510
140.270004 162.276505
113.545998 131.370499
102.529999 118.620499
293.269989 339.705505
91.514000 105.870499
69.482002 80.421501
209.018005 241.887497
80.498001 93.120499
186.169998 215.367493
69.073997 79.911499
426.278015 493.827515
208.201996 241.071503
101.713997 117.702499
341.618011 395.703491
90.697998 104.952499
185.354004 214.500504
68.666000 79.452499
207.386002 240.000504
79.681999 92.151497
331.417999 384.024506
549.494019 549.468506
159.854004 184.971497
123.337997 142.692505
287.354004 332.820496
137.822006 159.471497
112.321999 129.942505
332.437988 385.044495
101.306000 117.192497
288.373993 334.044495
90.290001 104.442497
556.021973 49.974499
161.485992 186.858505
332.846008 385.503510
68.258003 78.942497
79.274002 91.692497
326.522003 378.210510
539.702026 539.676514
157.406006 182.166504
122.113998 141.315506
371.605988 430.485504
111.098000 128.514496
327.541992 379.536499
100.082001 115.764503
283.477997 326.343506
89.066002 103.065498
372.014008 431.097504
78.050003 90.315498
318.362000 368.877502
523.382019 551.151489
506.450012 533.250488
153.326004 177.423492
120.073997 138.918503
464.221985 537.636475
274.298004 317.469513
131.294006 151.923492
109.057999 126.168503
319.381989 370.101501
98.042000 113.469498
275.317993 318.693512
87.026001 100.668503
76.010002 87.918503
313.466003 363.114502
513.590027 540.798523
150.878006 174.567505
118.849998 137.490494
358.549988 415.440491
107.834000 124.740501
314.485992 364.389496
96.818001 111.990501
270.421997 312.930511
85.802002 99.240501
358.958008 415.899506
74.786003 86.592499
349.369995 404.781494
168.830002 195.375504
110.893997 128.310501
239.210007 276.822510
305.306000 353.628510
493.394012 545.592529
146.798004 169.875504
116.809998 135.144501
105.793999 122.343498
306.325989 354.954498
94.778000 109.644501
262.261993 303.546509
83.762001 96.894501
72.746002 84.195503
344.473999 399.018494
166.382004 192.570496
126.601997 146.466507
300.410004 347.967499
144.350006 167.070496
115.585999 133.665497
345.493988 400.293488
104.570000 120.966499
301.429993 349.140503
93.554001 108.216499
257.365997 297.834503
82.538002 95.466499
345.902008 400.752502
71.522003 82.563499
196.574005 227.352493
51.529999 49.974499
187.393997 216.846497
447.493988 518.664490
257.570007 298.089508
69.685997 80.625504
204.529999 236.634506
55.813999 64.611504
226.561996 262.185486
61.321999 70.935501
172.705994 199.863495
355.286011 411.615509
182.498001 211.185501
50.306000 49.974499
105.589996 122.139503
188.210007 217.713501
51.734001 49.974499
181.682007 210.267502
102.325996 118.365501
344.066010 398.763489
91.309998 105.615501
56.834000 65.733498
208.610001 241.377502
489.925995 541.665527
300.002014 347.508514
80.293999 92.865501
51.326000 49.974499
186.578003 215.928497
69.278000 80.115501
56.425999 65.274498
206.977997 239.541504
50.917999 49.974499
184.945999 213.990494
68.461998 79.197502
286.537994 331.953491
474.626007 549.927490
137.414001 158.961502
207.794006 240.459503
56.222000 65.019501
206.162003 238.572495
79.070000 91.488503
339.170013 393.000488
90.085999 104.238503
50.714001 49.974499
184.130005 213.072495
68.054001 78.738503
117.625999 136.062500
353.653992 409.677490
106.610001 123.363503
309.589996 358.575500
95.594002 110.613503
265.526001 307.320496
84.578003 97.812500
481.765991 532.842529
291.842010 338.022491
78.253998 90.570503
67.237999 77.769501
373.441986 432.627502
180.865997 209.349503
66.421997 76.902496
375.074005 434.667511
50.102001 49.974499
55.202000 63.846500
202.082001 233.829498
476.869995 552.375488
286.946014 332.361511
77.029999 89.091499
552.349976 552.273499
331.010010 383.514496
88.045998 101.841499
371.809998 430.740509
180.050003 208.380493
66.014000 76.392502
320.809998 371.580505
528.278015 528.303528
508.898010 535.749512
154.550003 178.851501
120.685997 139.632507
276.746002 320.325500
464.834015 538.554504
132.518005 153.351501
109.669998 126.933502
321.829987 372.855499
98.653999 114.132500
76.622002 88.683502
277.765991 321.498505
87.638000 101.382500
54.793999 63.387501
200.449997 231.942505
473.605988 548.856506
283.682007 328.536499
76.213997 88.122498
368.545990 427.068512
178.417999 206.442505
65.197998 75.423500
370.178009 428.751495
97.837997 113.265503
54.590000 63.132500
199.634003 231.024506
75.806000 87.714500
542.557983 542.583496
326.114014 377.853485
86.821999 100.464500
366.914001 425.130493
177.602005 205.524506
64.790001 74.964500
315.914001 365.970490
518.486023 546.000488
504.002014 530.700500
152.102005 176.046494
119.461998 138.204498
316.933990 367.194489
97.430000 112.653503
75.398003 87.204498
272.869995 315.786499
86.414001 99.954498
64.382004 74.505501
536.437988 536.412476
156.589996 181.197495
193.106003 223.476501
52.958000 61.245499
215.138000 249.078506
58.466000 67.620499
237.169998 274.374512
531.338013 531.363525
63.973999 73.995499
183.722000 212.613495
67.849998 78.483498
205.753998 238.113495
484.213989 535.392517
294.290009 340.878510
78.865997 91.233498
367.321991 425.589508
177.806000 205.830505
214.322006 248.007507
199.837997 231.177505
236.354004 273.558502
199.022003 230.361496
125.989998 145.752502
319.993988 370.662506
526.645996 526.620483
508.082001 534.933472
154.141998 178.341507
190.658005 220.569504
52.346001 49.974499
176.173996 203.841507
212.690002 246.273499
57.854000 66.906502
406.286011 470.673492
198.205994 229.341507
234.722000 271.620514
521.546021 549.162476
63.362000 73.281502
362.425995 419.877502
175.358002 202.923492
114.157997 132.084503
197.389999 228.423492
233.906006 270.651489
189.026001 218.835495
51.938000 49.974499
211.057999 244.182495
57.445999 66.447502
233.089996 269.784485
515.018005 542.226501
62.953999 72.822502
370.993988 429.720490
179.641998 207.921494
65.809998 76.137497
201.673996 233.421494
315.097992 365.052490
516.854004 544.164490
503.186005 529.782471
151.694000 175.536499
359.161987 416.154510
173.725998 201.036499
210.242004 243.264496
401.390015 465.012512
195.757996 226.536499
232.274002 268.764496
62.750000 72.618500
194.942001 225.567505
123.949997 143.457504
499.921997 552.987488
150.061996 173.598495
230.641998 266.877502
62.341999 72.108498
354.265991 410.442505
171.278000 198.180496
193.309998 223.731506
229.826004 266.010498
360.182007 417.429504
467.894012 542.073486
229.009995 265.092499
61.933998 71.649498
306.937988 355.617493
495.026001 547.530518
147.613998 170.793503
169.645996 196.344498
393.230011 455.679504
191.677994 221.844498
228.194000 264.072510
61.730000 71.394501
190.862000 220.926498
227.378006 263.052490
195.145996 225.822495
302.041992 349.905487
490.130005 542.073486
145.166000 167.937500
346.105988 400.905487
167.197998 193.386505
203.714005 235.665497
55.610001 64.356499
388.334015 450.069489
189.229996 218.937500
225.746002 261.267487
61.118000 70.680496
188.414001 218.019501
224.113998 259.329498
60.709999 70.170502
328.970001 381.066498
544.598022 544.572510
158.630005 183.594498
122.725998 141.978500
474.829987 550.233521
284.906006 329.913513
136.598007 158.043503
374.053986 433.341492
111.709999 129.228500
329.989990 382.290497
100.694000 116.529503
67.646004 78.279503
78.662003 90.978500
285.925995 331.188507
89.678001 103.728500
341.209991 395.346497
164.750000 190.632507
186.781998 216.081497
223.298004 258.411499
454.838013 527.079529
222.481995 257.442505
60.301998 69.813499
281.641998 324.150513
469.730011 544.215515
134.966003 156.156494
99.877998 115.509499
66.830002 77.361504
77.846001 90.009499
282.661987 325.323486
88.862000 102.810501
163.117996 188.745499
380.174011 440.430511
185.149994 214.194504
221.666000 256.524506
60.098000 69.507500
324.074005 375.456512
534.806030 534.780518
156.182007 180.687500
121.501999 140.601501
369.157990 427.629486
110.486000 127.851501
325.093994 376.527496
99.470001 115.050499
77.438004 89.550499
281.029999 323.487488
530.521973 530.496521
88.454002 102.351501
184.334000 213.276505
220.850006 255.555496
198.001999 229.239502
54.181999 62.673500
220.033997 254.586502
59.689999 69.048500
188.617996 218.274506
449.941986 521.571472
260.018005 300.843506
70.297997 81.339500
333.049988 385.758514
552.757996 552.732483
160.669998 185.889496
197.186005 228.168503
53.978001 62.469501
219.218002 253.770493
59.486000 68.844498
195.554001 226.281494
53.570000 61.959499
217.585999 251.934494
59.077999 68.334503
328.153992 380.199493
542.966003 542.940491
158.222000 183.084503
53.366001 61.704498
372.217987 431.250488
180.253998 208.686493
216.770004 251.016495
468.709991 543.246521
278.786011 322.620514
74.989998 86.745499
207.182007 239.745499
193.921997 224.445496
53.161999 61.500500
441.782013 511.881500
215.953995 249.996506
58.669998 67.875504
365.282013 423.090515
96.613998 111.786499
74.582001 86.235497
269.605988 312.012512
85.598000 99.036499
500.941986 553.905518
311.018005 360.360504
149.654007 173.139496
118.237999 136.776505
356.101990 412.533508
107.222000 124.026497
312.037994 361.584503
96.206001 111.327499
74.174004 85.827499
267.973999 310.176514
85.190002 98.577499
463.813995 537.381470
273.890015 316.959503
73.765999 85.317497
526.237976 554.007507
507.877991 534.831482
317.954010 368.367493
84.781998 98.067497
373.238007 432.321503
191.473999 221.589493
52.549999 49.974499
213.505997 247.140503
58.057999 67.161499
307.753998 356.535492
495.842010 548.346497
148.022003 171.303497
117.421997 135.807495
106.405998 123.108498
308.773987 357.759491
95.389999 110.358498
73.358002 84.858498
264.709991 306.351501
84.374001 97.608498
182.089996 210.675507
67.033997 77.565498
357.122009 413.808502
94.573997 109.389503
72.542000 83.940498
516.445984 543.756470
502.981995 529.680481
313.058014 362.655487
83.557999 96.690498
117.014000 135.348495
351.205994 406.872498
105.998001 122.649498
307.141998 355.872498
94.982002 109.899498
263.078003 304.464508
83.966003 97.149498
346.921997 401.976501
167.606003 193.896500
127.213997 147.231506
302.858002 350.823486
490.946014 542.838501
145.574005 168.447495
116.197998 134.430496
347.941986 403.047485
105.181999 121.680496
303.877991 352.098511
94.166000 108.981499
72.134003 83.430496
259.813995 300.690491
83.150002 96.180496
120.278000 139.173492
364.261993 421.968506
109.262001 126.372498
320.197998 370.968506
98.246002 113.673500
276.134003 319.662506
520.729980 548.346497
87.230003 100.923500
375.481995 434.973511
181.886002 210.471497
455.653992 527.895508
265.730011 307.524506
71.725998 82.971497
200.654007 232.146500
352.226013 408.045502
93.349998 108.012497
71.318001 82.512497
256.549988 296.916504
82.334000 95.313499
342.026001 396.162506
165.158005 191.091507
487.885986 539.421509
297.962006 345.162506
143.126007 165.591507
114.973999 133.002502
343.045990 397.386505
103.958000 120.252502
298.981995 346.386505
92.942001 107.553497
70.910004 82.002502
81.926003 94.803497
450.757996 522.336487
260.834015 301.863495
70.501999 81.543503
494.821991 547.275513
304.898010 353.220490
81.517998 94.344498
294.697998 341.388489
482.786011 533.913513
141.494003 163.704498
103.141998 119.283501
295.717987 342.561493
92.125999 106.584503
70.094002 81.084503
81.110001 93.885498
333.865997 386.829498
554.390015 49.974499
161.078003 186.348495
289.802002 335.778503
477.890015 553.650513
139.046005 160.899506
112.933998 130.707504
334.885986 387.798492
101.917999 117.906502
290.821991 336.951508
90.902000 105.156502
335.294006 388.512512
68.870003 79.656502
79.886002 92.508499
122.930000 142.233505
374.869995 434.361511
111.914001 129.483505
330.806000 383.208496
100.898003 116.733498
476.665985 552.324524
286.742004 332.208496
541.945984 541.971497
89.882004 103.983498
337.130005 390.501495
162.710007 188.235504
124.765999 144.426498
113.750000 131.625504
338.149994 391.674500
102.734001 118.875504
294.085999 340.674500
556.633972 49.974499
91.718002 106.125504
80.702003 93.375504
209.630005 242.652496
120.889999 139.887497
366.709991 424.875488
109.874001 127.137497
322.645996 373.569489
98.858002 114.387497
278.582001 322.365509
525.625977 553.395508
87.842003 101.637497
460.549988 533.862488
270.626007 313.236511
72.949997 84.399498
203.102005 234.849503
