559.898010 4249.012695
559.489990 4249.012695
559.081970 4249.012695
558.877991 4249.012695
558.674011 4249.012695
558.265991 4249.012695
558.062012 4249.012695
557.857971 4249.012695
557.450012 4249.012695
557.041992 4249.012695
556.429993 4249.012695
556.226013 4249.012695
555.817993 4249.012695
555.614014 4249.012695
555.409973 4249.012695
555.002014 4249.012695
554.593994 4249.012695
554.185974 4249.012695
553.981995 4249.012695
553.778015 4249.012695
553.369995 4249.012695
552.961975 4249.012695
552.554016 4249.012695
552.145996 4249.012695
551.533997 4249.012695
551.330017 4249.012695
550.921997 4249.012695
550.513977 4249.012695
550.106018 4249.012695
549.697998 4249.012695
549.289978 4249.012695
549.085999 4249.012695
548.882019 4249.012695
548.473999 4249.012695
548.065979 4249.012695
547.658020 4249.012695
547.250000 4249.012695
546.638000 4249.012695
546.434021 4249.012695
546.026001 4249.012695
545.617981 4249.012695
545.210022 4249.012695
544.802002 4249.012695
544.393982 4249.012695
544.190002 4249.012695
543.986023 4249.012695
543.578003 4249.012695
543.169983 4249.012695
542.762024 4249.012695
542.354004 4249.012695
541.742004 4249.012695
541.538025 4249.012695
541.130005 4249.012695
540.721985 4249.012695
540.314026 4249.012695
539.906006 4249.012695
539.497986 4249.012695
539.294006 4249.012695
539.090027 4249.012695
538.682007 4249.012695
538.273987 4249.012695
537.866028 4249.012695
537.661987 4249.012695
537.458008 4249.012695
537.049988 4249.012695
536.846008 4249.012695
536.642029 4249.012695
536.234009 4249.012695
535.825989 4249.012695
535.418030 4249.012695
535.213989 4249.012695
535.010010 4249.012695
534.601990 4249.012695
534.193970 4249.012695
533.786011 4249.012695
533.377991 4249.012695
532.969971 4249.012695
532.562012 4249.012695
532.153992 4249.012695
531.745972 4249.012695
530.929993 4249.012695
530.114014 4249.012695
529.705994 4249.012695
529.297974 4249.012695
528.890015 4249.012695
528.481995 4249.012695
528.073975 4249.012695
527.666016 4249.012695
527.257996 4249.012695
526.849976 4249.012695
526.442017 4249.012695
526.033997 4249.012695
525.218018 4249.012695
524.809998 4249.012695
524.401978 4249.012695
523.994019 4249.012695
523.585999 4249.012695
523.177979 4249.012695
522.770020 4249.012695
522.362000 4249.012695
521.953979 4249.012695
521.138000 4249.012695
520.322021 4249.012695
519.914001 4249.012695
519.505981 4249.012695
519.098022 4249.012695
518.690002 4249.012695
518.281982 4249.012695
517.874023 4249.012695
517.466003 4249.012695
517.057983 4249.012695
516.650024 4249.012695
516.242004 4249.012695
515.833984 4249.012695
515.426025 4249.012695
514.609985 4249.012695
514.202026 4249.012695
513.794006 4249.012695
513.385986 4249.012695
512.978027 4249.012695
512.570007 4249.012695
512.161987 4249.012695
534.398010 4249.012695
511.958008 4249.012695
532.765991 4249.012695
511.141998 4249.012695
530.317993 4249.012695
509.917999 4249.012695
527.869995 4249.012695
508.694000 4249.012695
525.421997 4249.012695
507.470001 4249.012695
522.973999 4249.012695
506.246002 4249.012695
520.526001 4249.012695
505.022003 4249.012695
518.078003 4249.012695
503.798004 4249.012695
515.630005 4249.012695
502.574005 4249.012695
513.182007 4249.012695
501.350006 4249.012695
500.533997 4249.012695
500.126007 4249.012695
499.309998 4249.012695
498.902008 4249.012695
498.085999 4249.012695
496.862000 4249.012695
495.638000 4249.012695
494.414001 4249.012695
493.190002 4249.012695
491.966003 4249.012695
490.742004 4249.012695
489.518005 4249.012695
488.294006 4249.012695
487.477997 4249.012695
487.070007 4249.012695
486.253998 4249.012695
485.029999 4249.012695
483.806000 4249.012695
482.582001 4249.012695
481.358002 4249.012695
480.134003 4249.012695
478.910004 4249.012695
477.686005 4249.012695
476.462006 4249.012695
475.645996 4249.012695
475.238007 4249.012695
474.421997 4249.012695
474.014008 4249.012695
473.197998 4249.012695
471.973999 4249.012695
470.750000 4249.012695
469.526001 4249.012695
468.302002 4249.012695
467.078003 4249.012695
465.854004 4249.012695
464.630005 4249.012695
463.406006 4249.012695
462.589996 4249.012695
462.182007 4249.012695
461.365997 4249.012695
460.958008 4249.012695
460.141998 4249.012695
458.917999 4249.012695
457.694000 4249.012695
456.470001 4249.012695
455.450012 4249.012695
455.246002 4249.012695
454.634003 4249.012695
454.226013 4249.012695
454.022003 4249.012695
453.410004 4249.012695
453.002014 4249.012695
452.798004 4249.012695
452.186005 4249.012695
451.778015 4249.012695
451.574005 4249.012695
450.962006 4249.012695
450.350006 4249.012695
450.145996 4249.012695
449.738007 4249.012695
449.533997 4249.012695
449.126007 4249.012695
448.921997 4249.012695
448.514008 4249.012695
448.309998 4249.012695
447.902008 4249.012695
447.697998 4249.012695
447.290009 4249.012695
447.085999 4249.012695
446.473999 4249.012695
446.066010 4249.012695
445.862000 4249.012695
445.657990 4249.012695
445.250000 4249.012695
445.045990 4249.012695
444.842010 4249.012695
444.638000 4249.012695
444.433990 4249.012695
444.026001 4249.012695
443.821991 4249.012695
443.618011 4249.012695
443.414001 4249.012695
443.209991 4249.012695
442.802002 4249.012695
442.597992 4249.012695
442.394012 4249.012695
442.190002 4249.012695
441.985992 4249.012695
441.578003 4249.012695
441.373993 4249.012695
441.170013 4249.012695
440.966003 4249.012695
440.761993 4249.012695
440.354004 4249.012695
440.149994 4249.012695
439.946014 4249.012695
439.742004 4249.012695
439.537994 4249.012695
439.130005 4249.012695
438.925995 4249.012695
438.721985 4249.012695
438.518005 4249.012695
438.313995 4249.012695
438.109985 4249.012695
437.906006 4249.012695
437.701996 4249.012695
437.497986 4249.012695
437.294006 4249.012695
437.089996 4249.012695
436.885986 4249.012695
436.682007 4249.012695
436.477997 4249.012695
436.273987 4249.012695
436.070007 4249.012695
435.865997 4249.012695
435.661987 4249.012695
435.458008 4249.012695
435.253998 4249.012695
435.049988 4249.012695
434.641998 4249.012695
434.437988 4249.012695
434.234009 4249.012695
434.029999 4249.012695
433.825989 4249.012695
433.417999 4249.012695
433.213989 4249.012695
433.010010 4249.012695
432.806000 4249.012695
432.601990 4249.012695
432.194000 4249.012695
431.989990 4249.012695
431.786011 4249.012695
431.582001 4249.012695
431.377991 4249.012695
430.970001 4249.012695
430.765991 4249.012695
430.562012 4249.012695
430.358002 4249.012695
430.153992 4249.012695
429.746002 4249.012695
429.541992 4249.012695
429.338013 4249.012695
429.134003 4249.012695
428.929993 4249.012695
428.522003 4249.012695
428.317993 4249.012695
428.114014 4249.012695
427.910004 4249.012695
427.705994 4249.012695
427.298004 4249.012695
427.093994 4249.012695
426.890015 4249.012695
426.686005 4249.012695
426.481995 4249.012695
426.074005 4249.012695
425.869995 4249.012695
425.665985 4249.012695
425.462006 4249.012695
425.257996 4249.012695
425.053986 4249.012695
424.850006 4249.012695
424.645996 4249.012695
424.441986 4249.012695
424.238007 4249.012695
424.033997 4249.012695
423.829987 4249.012695
423.626007 4249.012695
423.421997 4249.012695
423.217987 4249.012695
423.014008 4249.012695
422.809998 4249.012695
422.605988 4249.012695
422.402008 4249.012695
422.197998 4249.012695
421.993988 4249.012695
421.585999 4249.012695
421.381989 4249.012695
421.178009 4249.012695
420.973999 4249.012695
420.769989 4249.012695
420.362000 4249.012695
420.157990 4249.012695
419.954010 4249.012695
419.750000 4249.012695
419.545990 4249.012695
419.138000 4249.012695
418.933990 4249.012695
418.730011 4249.012695
418.526001 4249.012695
418.321991 4249.012695
417.914001 4249.012695
417.709991 4249.012695
417.506012 4249.012695
417.302002 4249.012695
417.097992 4249.012695
416.690002 4249.012695
416.485992 4249.012695
416.282013 4249.012695
416.078003 4249.012695
415.873993 4249.012695
415.466003 4249.012695
415.261993 4249.012695
415.058014 4249.012695
414.854004 4249.012695
414.649994 4249.012695
414.242004 4249.012695
414.037994 4249.012695
413.834015 4249.012695
413.630005 4249.012695
413.425995 4249.012695
413.221985 4249.012695
413.018005 4249.012695
412.813995 4249.012695
412.609985 4249.012695
412.406006 4249.012695
412.201996 4249.012695
411.997986 4249.012695
411.794006 4249.012695
411.589996 4249.012695
411.385986 4249.012695
411.182007 4249.012695
410.977997 4249.012695
410.773987 4249.012695
410.570007 4249.012695
410.365997 4249.012695
410.161987 4249.012695
409.958008 4249.012695
409.753998 4249.012695
409.549988 4249.012695
409.346008 4249.012695
409.141998 4249.012695
408.937988 4249.012695
408.529999 4249.012695
408.325989 4249.012695
408.122009 4249.012695
407.917999 4249.012695
407.713989 4249.012695
407.306000 4249.012695
407.101990 4249.012695
406.898010 4249.012695
406.694000 4249.012695
406.489990 4249.012695
406.082001 4249.012695
405.877991 4249.012695
405.674011 4249.012695
405.470001 4249.012695
405.265991 4249.012695
404.858002 4249.012695
404.653992 4249.012695
404.450012 4249.012695
404.246002 4249.012695
404.041992 4249.012695
403.634003 4249.012695
403.429993 4249.012695
403.226013 4249.012695
403.022003 4249.012695
402.817993 4249.012695
402.410004 4249.012695
402.205994 4249.012695
402.002014 4249.012695
401.798004 4249.012695
401.593994 4249.012695
401.186005 4249.012695
400.981995 4249.012695
400.778015 4249.012695
400.574005 4249.012695
400.369995 4249.012695
400.165985 4249.012695
399.962006 4249.012695
399.757996 4249.012695
399.553986 4249.012695
399.350006 4249.012695
399.145996 4249.012695
398.941986 4249.012695
398.738007 4249.012695
398.533997 4249.012695
398.329987 4249.012695
398.126007 4249.012695
397.921997 4249.012695
397.717987 4249.012695
397.514008 4249.012695
397.309998 4249.012695
397.105988 4249.012695
396.902008 4249.012695
396.697998 4249.012695
396.493988 4249.012695
396.290009 4249.012695
396.085999 4249.012695
395.881989 4249.012695
395.473999 4249.012695
395.269989 4249.012695
395.066010 4249.012695
394.862000 4249.012695
394.657990 4249.012695
394.250000 4249.012695
394.045990 4249.012695
393.842010 4249.012695
393.638000 4249.012695
393.433990 4249.012695
393.026001 4249.012695
392.821991 4249.012695
392.618011 4249.012695
392.414001 4249.012695
392.209991 4249.012695
391.802002 4249.012695
391.597992 4249.012695
391.394012 4249.012695
391.190002 4249.012695
390.985992 4249.012695
390.578003 4249.012695
390.373993 4249.012695
390.170013 4249.012695
389.966003 4249.012695
389.761993 4249.012695
389.354004 4249.012695
389.149994 4249.012695
388.946014 4249.012695
388.742004 4249.012695
388.537994 4249.012695
388.130005 4249.012695
387.925995 4249.012695
387.721985 4249.012695
387.518005 4249.012695
387.313995 4249.012695
387.109985 4249.012695
386.906006 4249.012695
386.701996 4249.012695
386.497986 4249.012695
386.294006 4249.012695
386.089996 4249.012695
385.885986 4249.012695
385.682007 4249.012695
385.477997 4249.012695
385.273987 4249.012695
385.070007 4249.012695
384.865997 4249.012695
384.661987 4249.012695
384.458008 4249.012695
384.253998 4249.012695
384.049988 4249.012695
383.641998 4249.012695
383.437988 4249.012695
383.234009 4249.012695
383.029999 4249.012695
382.825989 4249.012695
382.417999 4249.012695
382.213989 4249.012695
382.010010 4249.012695
381.806000 4249.012695
381.601990 4249.012695
381.194000 4249.012695
380.989990 4249.012695
380.786011 4249.012695
380.582001 4249.012695
380.377991 4249.012695
379.970001 4249.012695
379.765991 4249.012695
379.562012 4249.012695
379.358002 4249.012695
379.153992 4249.012695
378.746002 4249.012695
378.541992 4249.012695
378.338013 4249.012695
378.134003 4249.012695
377.929993 4249.012695
377.522003 4249.012695
377.317993 4249.012695
377.114014 4249.012695
376.910004 4249.012695
376.705994 4249.012695
376.298004 4249.012695
376.093994 4249.012695
375.890015 4249.012695
375.686005 4249.012695
374.462006 4249.012695
373.645996 4249.012695
372.829987 4249.012695
371.402008 4249.012695
371.197998 4249.012695
370.381989 4249.012695
368.954010 4249.012695
368.750000 4249.012695
367.933990 4249.012695
366.506012 4249.012695
366.302002 4249.012695
365.485992 4249.012695
364.058014 4249.012695
363.854004 4249.012695
363.037994 4249.012695
362.630005 4249.012695
362.221985 4249.012695
361.406006 4249.012695
360.589996 4249.012695
359.773987 4249.012695
358.346008 4249.012695
358.141998 4249.012695
357.325989 4249.012695
355.898010 4249.012695
355.694000 4249.012695
354.877991 4249.012695
353.450012 4249.012695
353.246002 4249.012695
352.429993 4249.012695
351.002014 4249.012695
350.798004 4249.012695
349.981995 4249.012695
349.574005 4249.012695
349.165985 4249.012695
348.350006 4249.012695
347.533997 4249.012695
346.717987 4249.012695
345.290009 4249.012695
345.085999 4249.012695
344.269989 4249.012695
342.842010 4249.012695
342.638000 4249.012695
341.821991 4249.012695
340.394012 4249.012695
340.190002 4249.012695
339.373993 4249.012695
337.946014 4249.012695
337.742004 4249.012695
336.925995 4249.012695
336.518005 4249.012695
336.109985 4249.012695
559.693970 4249.012695
334.682007 4249.012695
334.477997 4249.012695
333.661987 4249.012695
554.797974 4249.012695
332.234009 4249.012695
332.029999 4249.012695
331.213989 4249.012695
549.901978 4249.012695
329.786011 4249.012695
329.582001 4249.012695
328.765991 4249.012695
545.005981 4249.012695
327.338013 4249.012695
327.134003 4249.012695
326.317993 4249.012695
540.109985 4249.012695
324.890015 4249.012695
324.686005 4249.012695
323.869995 4249.012695
323.462006 4249.012695
323.053986 4249.012695
533.581970 4249.012695
511.549988 4249.012695
321.626007 4249.012695
321.421997 4249.012695
320.605988 4249.012695
528.685974 4249.012695
509.101990 4249.012695
319.178009 4249.012695
318.973999 4249.012695
527.461975 4249.012695
508.489990 4249.012695
154.345993 4261.012695
318.566010 4249.012695
318.157990 4249.012695
525.013977 4249.012695
507.265991 4249.012695
153.733994 4261.012695
317.342010 4249.012695
523.789978 4249.012695
506.653992 4249.012695
316.730011 4249.012695
316.526001 4249.012695
522.565979 4249.012695
506.041992 4249.012695
153.121994 4261.012695
316.118011 4249.012695
315.709991 4249.012695
520.117981 4249.012695
504.817993 4249.012695
152.509995 4261.012695
314.894012 4249.012695
518.893982 4249.012695
504.205994 4249.012695
314.282013 4249.012695
314.078003 4249.012695
517.669983 4249.012695
503.593994 4249.012695
151.897995 4261.012695
313.670013 4249.012695
313.261993 4249.012695
515.221985 4249.012695
502.369995 4249.012695
151.285995 4261.012695
312.446014 4249.012695
501.553986 4249.012695
311.630005 4249.012695
310.813995 4249.012695
500.329987 4249.012695
310.406006 4249.012695
309.997986 4249.012695
499.105988 4249.012695
309.182007 4249.012695
498.493988 4249.012695
308.570007 4249.012695
308.365997 4249.012695
497.881989 4249.012695
307.958008 4249.012695
307.549988 4249.012695
496.657990 4249.012695
148.429993 4261.012695
306.734009 4249.012695
496.045990 4249.012695
306.122009 4249.012695
305.917999 4249.012695
495.433990 4249.012695
147.817993 4261.012695
305.510010 4249.012695
305.101990 4249.012695
494.209991 4249.012695
147.205994 4261.012695
304.286011 4249.012695
493.597992 4249.012695
303.674011 4249.012695
303.470001 4249.012695
492.985992 4249.012695
146.593994 4261.012695
303.062012 4249.012695
302.653992 4249.012695
491.761993 4249.012695
145.981995 4261.012695
301.838013 4249.012695
491.149994 4249.012695
301.226013 4249.012695
301.022003 4249.012695
490.537994 4249.012695
145.369995 4261.012695
300.614014 4249.012695
300.205994 4249.012695
489.313995 4249.012695
144.757996 4261.012695
299.390015 4249.012695
488.701996 4249.012695
298.778015 4249.012695
488.497986 4249.012695
298.574005 4249.012695
297.757996 4249.012695
487.273987 4249.012695
297.350006 4249.012695
296.941986 4249.012695
486.049988 4249.012695
296.126007 4249.012695
485.437988 4249.012695
295.514008 4249.012695
295.309998 4249.012695
484.825989 4249.012695
294.902008 4249.012695
294.493988 4249.012695
483.601990 4249.012695
141.901993 4261.012695
293.678009 4249.012695
482.989990 4249.012695
293.066010 4249.012695
292.862000 4249.012695
482.377991 4249.012695
141.289993 4261.012695
292.454010 4249.012695
292.045990 4249.012695
481.153992 4249.012695
140.677994 4261.012695
291.230011 4249.012695
480.541992 4249.012695
290.618011 4249.012695
290.414001 4249.012695
479.929993 4249.012695
140.065994 4261.012695
290.006012 4249.012695
289.597992 4249.012695
478.705994 4249.012695
139.453995 4261.012695
288.782013 4249.012695
478.093994 4249.012695
288.170013 4249.012695
287.966003 4249.012695
477.481995 4249.012695
138.841995 4261.012695
287.558014 4249.012695
287.149994 4249.012695
476.257996 4249.012695
138.229996 4261.012695
286.334015 4249.012695
475.441986 4249.012695
285.518005 4249.012695
284.701996 4249.012695
474.217987 4249.012695
284.294006 4249.012695
283.885986 4249.012695
472.993988 4249.012695
283.070007 4249.012695
472.381989 4249.012695
282.458008 4249.012695
282.253998 4249.012695
471.769989 4249.012695
135.985992 4261.012695
281.846008 4249.012695
281.437988 4249.012695
470.545990 4249.012695
135.373993 4261.012695
280.622009 4249.012695
469.933990 4249.012695
280.010010 4249.012695
279.806000 4249.012695
469.321991 4249.012695
134.761993 4261.012695
279.398010 4261.012695
278.989990 4261.012695
468.097992 4249.012695
134.149994 4261.012695
278.174011 4261.012695
467.485992 4249.012695
277.562012 4261.012695
277.358002 4261.012695
466.873993 4249.012695
133.537994 4261.012695
276.950012 4261.012695
276.541992 4261.012695
465.649994 4249.012695
132.925995 4261.012695
275.726013 4261.012695
465.037994 4249.012695
275.114014 4261.012695
274.910004 4261.012695
464.425995 4249.012695
132.313995 4261.012695
274.502014 4261.012695
274.093994 4261.012695
463.609985 4249.012695
273.686005 4261.012695
463.201996 4249.012695
131.701996 4261.012695
273.278015 4261.012695
462.385986 4249.012695
272.462006 4261.012695
271.645996 4261.012695
461.161987 4249.012695
271.238007 4261.012695
270.829987 4261.012695
459.937988 4249.012695
270.014008 4261.012695
459.325989 4249.012695
269.402008 4261.012695
269.197998 4261.012695
458.713989 4249.012695
129.457993 4261.012695
268.790009 4261.012695
268.381989 4261.012695
457.489990 4249.012695
128.845993 4261.012695
267.566010 4261.012695
267.362000 4261.012695
456.877991 4249.012695
266.954010 4261.012695
266.750000 4261.012695
266.545990 4261.012695
456.265991 4249.012695
128.233994 4261.012695
266.342010 4261.012695
266.138000 4261.012695
265.933990 4261.012695
265.321991 4261.012695
455.041992 4249.012695
265.118011 4261.012695
264.914001 4261.012695
454.429993 4249.012695
264.506012 4261.012695
264.302002 4261.012695
56.630001 4261.012695
264.097992 4261.012695
453.817993 4249.012695
263.894012 4261.012695
263.690002 4261.012695
263.485992 4261.012695
262.873993 4261.012695
452.593994 4249.012695
262.670013 4261.012695
262.466003 4261.012695
451.981995 4249.012695
262.058014 4261.012695
261.854004 4261.012695
261.649994 4261.012695
451.369995 4249.012695
261.446014 4261.012695
451.165985 4249.012695
261.242004 4261.012695
261.037994 4261.012695
450.553986 4249.012695
260.630005 4261.012695
260.425995 4261.012695
513.997986 4249.012695
501.757996 4249.012695
311.834015 4249.012695
260.221985 4261.012695
259.609985 4261.012695
449.329987 4249.012695
259.406006 4261.012695
56.018002 4261.012695
259.201996 4261.012695
448.717987 4249.012695
258.794006 4261.012695
258.589996 4261.012695
258.385986 4261.012695
448.105988 4249.012695
258.182007 4261.012695
257.977997 4261.012695
257.773987 4261.012695
257.161987 4261.012695
446.881989 4249.012695
256.958008 4261.012695
256.753998 4261.012695
446.269989 4249.012695
256.346008 4261.012695
256.141998 4261.012695
255.938004 4261.012695
553.166016 4249.012695
255.733994 4261.012695
255.529999 4261.012695
255.326004 4261.012695
550.718018 4249.012695
255.121994 4261.012695
254.917999 4261.012695
254.714005 4261.012695
548.270020 4249.012695
254.509995 4261.012695
254.306000 4261.012695
254.102005 4261.012695
545.822021 4249.012695
253.897995 4261.012695
253.694000 4261.012695
253.490005 4261.012695
543.374023 4249.012695
253.285995 4261.012695
253.082001 4261.012695
252.878006 4261.012695
540.926025 4249.012695
252.673996 4261.012695
252.470001 4261.012695
252.266006 4261.012695
538.478027 4249.012695
252.061996 4261.012695
251.858002 4261.012695
251.654007 4261.012695
536.030029 4249.012695
251.449997 4261.012695
251.246002 4261.012695
251.042007 4261.012695
250.837997 4261.012695
250.634003 4261.012695
531.950012 4249.012695
510.734009 4249.012695
250.429993 4261.012695
250.225998 4261.012695
250.022003 4261.012695
529.502014 4249.012695
509.510010 4249.012695
249.817993 4261.012695
249.613998 4261.012695
249.410004 4261.012695
527.054016 4249.012695
508.286011 4249.012695
249.205994 4261.012695
249.001999 4261.012695
248.798004 4261.012695
524.606018 4249.012695
507.062012 4249.012695
248.593994 4261.012695
248.389999 4261.012695
248.186005 4261.012695
522.158020 4249.012695
505.838013 4249.012695
247.981995 4261.012695
247.778000 4261.012695
247.574005 4261.012695
519.710022 4249.012695
504.614014 4249.012695
247.369995 4261.012695
247.166000 4261.012695
246.962006 4261.012695
517.262024 4249.012695
503.390015 4249.012695
246.757996 4261.012695
246.554001 4261.012695
246.350006 4261.012695
514.814026 4249.012695
246.145996 4261.012695
245.942001 4261.012695
245.738007 4261.012695
512.366028 4249.012695
245.533997 4261.012695
245.330002 4261.012695
245.126007 4261.012695
244.921997 4261.012695
244.718002 4261.012695
244.514008 4261.012695
244.309998 4261.012695
244.106003 4261.012695
497.678009 4249.012695
243.901993 4261.012695
243.697998 4261.012695
243.494003 4261.012695
496.454010 4249.012695
243.289993 4261.012695
243.085999 4261.012695
242.882004 4261.012695
495.230011 4249.012695
242.677994 4261.012695
242.473999 4261.012695
242.270004 4261.012695
494.006012 4249.012695
242.065994 4261.012695
241.862000 4261.012695
241.658005 4261.012695
492.782013 4249.012695
241.453995 4261.012695
241.250000 4261.012695
241.046005 4261.012695
491.558014 4249.012695
240.841995 4261.012695
240.638000 4261.012695
240.434006 4261.012695
490.334015 4249.012695
240.229996 4261.012695
240.026001 4261.012695
239.822006 4261.012695
239.617996 4261.012695
239.414001 4261.012695
239.005997 4261.012695
238.802002 4261.012695
238.598007 4261.012695
238.393997 4261.012695
238.190002 4261.012695
485.846008 4249.012695
237.985992 4261.012695
237.781998 4261.012695
237.578003 4261.012695
484.622009 4249.012695
237.373993 4261.012695
236.966003 4261.012695
483.398010 4249.012695
236.761993 4261.012695
236.557999 4261.012695
482.174011 4249.012695
236.149994 4261.012695
235.945999 4261.012695
235.742004 4261.012695
480.950012 4249.012695
235.537994 4261.012695
235.334000 4261.012695
235.130005 4261.012695
479.726013 4249.012695
234.925995 4261.012695
234.518005 4261.012695
478.502014 4249.012695
234.313995 4261.012695
234.110001 4261.012695
477.278015 4249.012695
233.701996 4261.012695
233.498001 4261.012695
233.294006 4261.012695
232.886002 4261.012695
232.477997 4261.012695
232.070007 4261.012695
231.865997 4261.012695
231.662003 4261.012695
472.790009 4249.012695
231.457993 4261.012695
231.253998 4261.012695
231.050003 4261.012695
471.566010 4249.012695
230.845993 4261.012695
230.438004 4261.012695
470.342010 4249.012695
230.233994 4261.012695
230.029999 4261.012695
469.118011 4249.012695
229.621994 4261.012695
229.417999 4261.012695
229.214005 4261.012695
228.806000 4261.012695
228.602005 4261.012695
466.670013 4249.012695
228.397995 4261.012695
227.990005 4261.012695
465.446014 4249.012695
227.785995 4261.012695
227.582001 4261.012695
227.173996 4261.012695
226.970001 4261.012695
226.766006 4261.012695
226.358002 4261.012695
225.949997 4261.012695
225.542007 4261.012695
225.337997 4261.012695
225.134003 4261.012695
459.734009 4249.012695
224.929993 4261.012695
224.725998 4261.012695
224.522003 4261.012695
458.510010 4249.012695
224.317993 4261.012695
223.910004 4261.012695
457.286011 4249.012695
223.705994 4261.012695
223.501999 4261.012695
456.062012 4249.012695
223.093994 4261.012695
222.889999 4261.012695
222.686005 4261.012695
222.278000 4261.012695
222.074005 4261.012695
453.614014 4249.012695
221.869995 4261.012695
221.462006 4261.012695
452.390015 4249.012695
221.257996 4261.012695
221.054001 4261.012695
220.645996 4261.012695
220.442001 4261.012695
220.238007 4261.012695
219.830002 4261.012695
219.421997 4261.012695
219.014008 4261.012695
218.809998 4261.012695
218.606003 4261.012695
446.678009 4249.012695
218.401993 4261.012695
218.197998 4261.012695
217.994003 4261.012695
445.454010 4249.012695
217.789993 4261.012695
217.382004 4261.012695
444.230011 4249.012695
217.177994 4261.012695
216.973999 4261.012695
443.006012 4249.012695
216.565994 4261.012695
216.362000 4261.012695
216.158005 4261.012695
215.750000 4261.012695
215.546005 4261.012695
440.558014 4249.012695
215.341995 4261.012695
214.934006 4261.012695
439.334015 4249.012695
214.729996 4261.012695
214.526001 4261.012695
214.117996 4261.012695
213.914001 4261.012695
213.710007 4261.012695
213.302002 4261.012695
212.893997 4261.012695
434.846008 4249.012695
212.485992 4261.012695
212.078003 4261.012695
211.669998 4261.012695
432.398010 4249.012695
211.261993 4261.012695
210.854004 4261.012695
210.445999 4261.012695
429.950012 4249.012695
210.037994 4261.012695
57.037998 4261.012695
428.726013 4249.012695
209.425995 4261.012695
209.222000 4261.012695
427.502014 4249.012695
208.813995 4261.012695
208.406006 4261.012695
207.998001 4261.012695
207.589996 4261.012695
206.774002 4261.012695
206.365997 4261.012695
421.790009 4249.012695
205.957993 4261.012695
205.550003 4261.012695
205.141998 4261.012695
419.342010 4249.012695
204.733994 4261.012695
204.326004 4261.012695
203.917999 4261.012695
416.894012 4249.012695
203.509995 4261.012695
55.405998 4261.012695
415.670013 4249.012695
202.897995 4261.012695
202.694000 4261.012695
414.446014 4249.012695
202.285995 4261.012695
201.878006 4261.012695
201.470001 4261.012695
201.061996 4261.012695
200.246002 4261.012695
408.734009 4249.012695
199.429993 4261.012695
198.613998 4261.012695
197.798004 4261.012695
403.838013 4249.012695
196.981995 4261.012695
53.773998 4261.012695
402.614014 4249.012695
196.369995 4261.012695
196.166000 4261.012695
195.350006 4261.012695
194.533997 4261.012695
194.126007 4261.012695
193.718002 4261.012695
395.678009 4249.012695
192.901993 4261.012695
192.494003 4261.012695
192.085999 4261.012695
191.270004 4261.012695
390.782013 4249.012695
190.453995 4261.012695
190.046005 4261.012695
52.141998 4249.012695
389.558014 4249.012695
189.841995 4261.012695
189.638000 4261.012695
188.822006 4261.012695
188.005997 4261.012695
187.598007 4261.012695
187.190002 4261.012695
382.622009 4249.012695
186.373993 4261.012695
185.966003 4261.012695
185.557999 4261.012695
184.742004 4261.012695
377.726013 4249.012695
183.925995 4261.012695
183.518005 4261.012695
50.509998 4249.012695
376.502014 4249.012695
183.313995 4261.012695
183.110001 4261.012695
182.294006 4261.012695
374.665985 4249.012695
181.477997 4261.012695
373.850006 4249.012695
181.070007 4261.012695
373.033997 4249.012695
180.662003 4261.012695
369.566010 4249.012695
179.845993 4261.012695
370.585999 4249.012695
179.438004 4261.012695
369.769989 4249.012695
179.029999 4261.012695
368.138000 4249.012695
178.214005 4261.012695
364.670013 4249.012695
177.397995 4261.012695
365.690002 4249.012695
176.990005 4261.012695
363.446014 4249.012695
176.785995 4261.012695
364.873993 4249.012695
176.582001 4261.012695
363.649994 4249.012695
175.970001 4261.012695
363.242004 4249.012695
175.766006 4261.012695
175.561996 4261.012695
362.018005 4249.012695
168.626007 4261.012695
95.797997 4261.012695
99.061996 4261.012695
175.154007 4261.012695
361.609985 4249.012695
174.949997 4261.012695
361.201996 4249.012695
174.746002 4261.012695
360.794006 4249.012695
174.542007 4261.012695
360.385986 4249.012695
174.337997 4261.012695
359.977997 4249.012695
174.134003 4261.012695
358.753998 4249.012695
173.522003 4261.012695
356.510010 4249.012695
173.317993 4261.012695
357.937988 4249.012695
173.113998 4261.012695
357.529999 4249.012695
172.910004 4261.012695
356.713989 4249.012695
172.501999 4261.012695
356.306000 4249.012695
172.298004 4261.012695
355.489990 4249.012695
171.889999 4261.012695
355.082001 4249.012695
171.686005 4261.012695
352.838013 4249.012695
171.481995 4261.012695
353.858002 4249.012695
171.074005 4261.012695
351.614014 4249.012695
170.869995 4261.012695
353.041992 4249.012695
170.666000 4261.012695
352.634003 4249.012695
170.462006 4261.012695
350.390015 4249.012695
170.257996 4261.012695
351.817993 4249.012695
170.054001 4261.012695
351.410004 4249.012695
169.850006 4261.012695
350.593994 4249.012695
169.442001 4261.012695
350.186005 4249.012695
169.238007 4261.012695
169.033997 4261.012695
348.962006 4249.012695
162.098007 4261.012695
92.533997 4261.012695
348.553986 4249.012695
168.421997 4261.012695
348.145996 4249.012695
168.218002 4261.012695
347.329987 4249.012695
167.809998 4261.012695
345.697998 4249.012695
166.994003 4261.012695
343.454010 4249.012695
166.789993 4261.012695
344.881989 4249.012695
166.585999 4261.012695
343.657990 4249.012695
165.973999 4261.012695
343.250000 4249.012695
165.770004 4261.012695
342.433990 4249.012695
165.362000 4261.012695
339.782013 4249.012695
164.953995 4261.012695
340.802002 4249.012695
164.546005 4261.012695
338.558014 4249.012695
164.341995 4261.012695
339.985992 4249.012695
164.138000 4261.012695
337.334015 4249.012695
163.729996 4261.012695
338.761993 4249.012695
163.526001 4261.012695
338.354004 4249.012695
163.322006 4261.012695
337.537994 4249.012695
162.914001 4261.012695
336.721985 4249.012695
162.505997 4261.012695
335.906006 4249.012695
155.570007 4261.012695
89.269997 4261.012695
335.497986 4249.012695
557.653992 4249.012695
161.893997 4261.012695
335.089996 4249.012695
556.838013 4249.012695
161.690002 4261.012695
334.273987 4249.012695
555.205994 4249.012695
161.281998 4261.012695
332.641998 4249.012695
551.942017 4249.012695
160.466003 4261.012695
551.125977 4249.012695
330.398010 4249.012695
160.261993 4261.012695
331.825989 4249.012695
550.309998 4249.012695
160.057999 4261.012695
330.601990 4249.012695
547.862000 4249.012695
159.445999 4261.012695
330.194000 4249.012695
547.046021 4249.012695
159.242004 4261.012695
329.377991 4249.012695
545.414001 4249.012695
158.834000 4261.012695
543.781982 4249.012695
326.726013 4249.012695
158.425995 4261.012695
327.746002 4249.012695
542.150024 4249.012695
158.018005 4261.012695
541.333984 4249.012695
325.502014 4249.012695
157.813995 4261.012695
326.929993 4249.012695
540.518005 4249.012695
157.610001 4261.012695
538.885986 4249.012695
324.278015 4249.012695
157.201996 4261.012695
325.705994 4249.012695
538.070007 4249.012695
156.998001 4261.012695
325.298004 4249.012695
150.266006 4261.012695
86.617996 4261.012695
537.254028 4249.012695
156.794006 4261.012695
324.481995 4249.012695
535.622009 4249.012695
156.386002 4261.012695
182.701996 4261.012695
375.278015 4249.012695
323.665985 4249.012695
533.989990 4249.012695
511.753998 4249.012695
155.977997 4261.012695
322.850006 4249.012695
149.042007 4261.012695
86.005997 4261.012695
322.441986 4249.012695
531.541992 4249.012695
510.529999 4249.012695
155.365997 4261.012695
322.033997 4249.012695
530.726013 4249.012695
510.122009 4249.012695
155.162003 4261.012695
63.770000 4261.012695
321.217987 4249.012695
529.093994 4249.012695
509.306000 4249.012695
154.753998 4261.012695
63.566002 4261.012695
319.585999 4249.012695
525.830017 4249.012695
507.674011 4249.012695
153.938004 4261.012695
180.457993 4261.012695
370.790009 4249.012695
318.769989 4249.012695
524.197998 4249.012695
506.858002 4249.012695
153.529999 4261.012695
317.545990 4249.012695
521.750000 4249.012695
505.634003 4249.012695
152.917999 4261.012695
317.138000 4249.012695
520.934021 4249.012695
505.226013 4249.012695
152.714005 4261.012695
63.158001 4261.012695
316.321991 4249.012695
519.302002 4249.012695
504.410004 4249.012695
152.306000 4261.012695
178.621994 4261.012695
367.118011 4249.012695
314.690002 4249.012695
516.038025 4249.012695
502.778015 4249.012695
151.490005 4261.012695
178.009995 4261.012695
365.894012 4249.012695
313.873993 4249.012695
514.406006 4249.012695
501.962006 4249.012695
151.082001 4261.012695
512.773987 4249.012695
501.145996 4249.012695
150.673996 4261.012695
312.649994 4249.012695
500.738007 4249.012695
150.470001 4261.012695
502.165985 4249.012695
312.242004 4249.012695
143.738007 4261.012695
83.353996 4261.012695
62.546001 4261.012695
311.425995 4249.012695
499.514008 4249.012695
149.858002 4261.012695
310.609985 4249.012695
498.697998 4249.012695
149.449997 4261.012695
499.717987 4249.012695
309.794006 4249.012695
142.514008 4261.012695
82.741997 4261.012695
309.385986 4249.012695
497.473999 4249.012695
148.837997 4261.012695
308.977997 4249.012695
497.066010 4249.012695
148.634003 4261.012695
62.138000 4261.012695
308.161987 4249.012695
496.250000 4249.012695
148.225998 4261.012695
306.529999 4249.012695
494.618011 4249.012695
147.410004 4261.012695
173.929993 4261.012695
357.734009 4249.012695
305.713989 4249.012695
493.802002 4249.012695
147.001999 4261.012695
304.489990 4249.012695
492.578003 4249.012695
146.389999 4261.012695
304.082001 4249.012695
492.170013 4249.012695
146.186005 4261.012695
61.526001 4261.012695
303.265991 4249.012695
491.354004 4249.012695
145.778000 4261.012695
172.093994 4261.012695
354.062012 4249.012695
301.634003 4249.012695
144.962006 4261.012695
300.817993 4249.012695
488.906006 4249.012695
144.554001 4261.012695
488.089996 4249.012695
144.145996 4261.012695
299.593994 4249.012695
487.682007 4249.012695
143.942001 4261.012695
489.109985 4249.012695
299.186005 4249.012695
137.210007 4261.012695
80.089996 4261.012695
486.865997 4249.012695
143.533997 4261.012695
60.914001 4261.012695
298.369995 4249.012695
486.458008 4249.012695
143.330002 4261.012695
297.553986 4249.012695
485.641998 4249.012695
142.921997 4261.012695
486.661987 4249.012695
296.738007 4249.012695
79.477997 4261.012695
296.329987 4249.012695
484.417999 4249.012695
142.309998 4261.012695
295.921997 4249.012695
484.010010 4249.012695
142.106003 4261.012695
347.126007 4249.012695
60.506001 4261.012695
295.105988 4249.012695
483.194000 4249.012695
141.697998 4261.012695
293.881989 4249.012695
481.970001 4249.012695
141.085999 4261.012695
293.473999 4249.012695
481.562012 4249.012695
140.882004 4261.012695
167.401993 4261.012695
344.678009 4249.012695
292.657990 4249.012695
480.746002 4249.012695
140.473999 4261.012695
291.433990 4249.012695
479.522003 4249.012695
139.862000 4261.012695
291.026001 4249.012695
479.114014 4249.012695
139.658005 4261.012695
166.177994 4261.012695
342.230011 4249.012695
59.894001 4261.012695
290.209991 4249.012695
478.298004 4249.012695
139.250000 4261.012695
165.565994 4261.012695
341.006012 4249.012695
288.985992 4249.012695
477.074005 4249.012695
138.638000 4261.012695
288.578003 4249.012695
138.434006 4261.012695
287.761993 4249.012695
475.850006 4249.012695
138.026001 4261.012695
475.033997 4249.012695
137.617996 4261.012695
476.053986 4249.012695
286.130005 4249.012695
130.682007 4261.012695
76.825996 4261.012695
285.721985 4249.012695
473.809998 4249.012695
137.005997 4261.012695
59.282001 4261.012695
285.313995 4249.012695
473.402008 4249.012695
136.802002 4261.012695
284.497986 4249.012695
472.585999 4249.012695
136.393997 4261.012695
283.273987 4249.012695
471.362000 4249.012695
135.781998 4261.012695
282.865997 4249.012695
470.954010 4249.012695
135.578003 4261.012695
558.469971 4249.012695
334.070007 4249.012695
58.874001 4261.012695
282.049988 4249.012695
470.138000 4249.012695
135.169998 4261.012695
280.825989 4249.012695
468.914001 4249.012695
134.557999 4261.012695
280.417999 4249.012695
468.506012 4249.012695
134.354004 4261.012695
553.573975 4249.012695
160.873993 4261.012695
331.622009 4249.012695
279.601990 4261.012695
467.690002 4249.012695
133.945999 4261.012695
278.377991 4261.012695
466.466003 4249.012695
133.334000 4261.012695
277.970001 4261.012695
466.058014 4249.012695
133.130005 4261.012695
548.677979 4249.012695
159.649994 4261.012695
329.174011 4249.012695
58.262001 4261.012695
277.153992 4261.012695
465.242004 4249.012695
132.722000 4261.012695
546.229980 4249.012695
159.037994 4261.012695
327.950012 4249.012695
275.929993 4261.012695
464.018005 4249.012695
132.110001 4261.012695
275.522003 4261.012695
131.906006 4261.012695
274.705994 4261.012695
462.794006 4249.012695
131.498001 4261.012695
461.977997 4249.012695
131.089996 4261.012695
54.998001 4261.012695
112.117996 4261.012695
201.266006 4261.012695
194.738007 4261.012695
108.853996 4261.012695
273.481995 4261.012695
461.570007 4249.012695
130.886002 4261.012695
462.997986 4249.012695
273.074005 4261.012695
73.561996 4261.012695
272.665985 4261.012695
460.753998 4249.012695
130.477997 4261.012695
57.650002 4261.012695
272.257996 4261.012695
460.346008 4249.012695
130.274002 4261.012695
360.997986 4249.012695
108.445999 4261.012695
461.773987 4249.012695
271.850006 4261.012695
130.070007 4261.012695
111.505997 4261.012695
200.042007 4261.012695
193.514008 4261.012695
108.241997 4261.012695
271.033997 4261.012695
459.122009 4249.012695
129.662003 4261.012695
270.217987 4261.012695
458.306000 4249.012695
129.253998 4261.012695
269.809998 4261.012695
457.898010 4249.012695
129.050003 4261.012695
532.357971 4249.012695
510.937988 4249.012695
321.014008 4249.012695
54.386002 4261.012695
107.629997 4261.012695
268.585999 4261.012695
456.674011 4249.012695
128.438004 4261.012695
267.769989 4261.012695
455.858002 4249.012695
128.029999 4261.012695
271.441986 4261.012695
459.529999 4249.012695
129.865997 4261.012695
125.786003 4261.012695
57.242001 4261.012695
268.993988 4261.012695
457.082001 4249.012695
128.641998 4261.012695
125.174004 4261.012695
123.134003 4261.012695
122.522003 4261.012695
121.910004 4261.012695
119.870003 4261.012695
119.258003 4261.012695
118.646004 4261.012695
127.622002 4261.012695
116.606003 4261.012695
127.010002 4261.012695
115.994003 4261.012695
126.398003 4261.012695
115.382004 4261.012695
124.358002 4261.012695
113.342003 4261.012695
123.746002 4261.012695
112.730003 4261.012695
121.094002 4261.012695
367.526001 4249.012695
110.078003 4261.012695
120.482002 4261.012695
365.078003 4249.012695
109.466003 4261.012695
117.830002 4261.012695
433.622009 4249.012695
211.873993 4261.012695
354.470001 4249.012695
106.814003 4261.012695
117.218002 4261.012695
431.174011 4249.012695
210.649994 4261.012695
352.022003 4249.012695
106.202003 4261.012695
65.606003 4261.012695
322.238007 4249.012695
125.582001 4261.012695
114.566002 4261.012695
420.566010 4249.012695
205.345993 4261.012695
341.414001 4249.012695
103.550003 4261.012695
64.994003 4261.012695
529.909973 4249.012695
509.713989 4249.012695
154.957993 4261.012695
319.790009 4249.012695
124.970001 4261.012695
113.954002 4261.012695
418.118011 4249.012695
204.121994 4261.012695
338.966003 4249.012695
102.938004 4261.012695
122.318001 4261.012695
372.421997 4249.012695
111.302002 4261.012695
407.510010 4249.012695
198.817993 4261.012695
328.358002 4249.012695
100.286003 4261.012695
121.706001 4261.012695
369.973999 4249.012695
110.690002 4261.012695
405.062012 4249.012695
197.593994 4261.012695
325.910004 4249.012695
99.674004 4261.012695
119.666000 4261.012695
361.813995 4249.012695
108.650002 4261.012695
317.750000 4249.012695
97.634003 4261.012695
119.054001 4261.012695
359.365997 4249.012695
108.038002 4261.012695
394.454010 4249.012695
192.289993 4261.012695
315.302002 4249.012695
97.022003 4261.012695
118.442001 4261.012695
356.917999 4249.012695
107.426003 4261.012695
392.006012 4249.012695
191.065994 4261.012695
312.854004 4249.012695
96.410004 4261.012695
347.738007 4249.012695
168.014008 4261.012695
127.417999 4261.012695
116.402000 4261.012695
348.757996 4249.012695
105.386002 4261.012695
383.846008 4249.012695
186.985992 4261.012695
304.694000 4249.012695
94.370003 4261.012695
126.806000 4261.012695
115.790001 4261.012695
346.309998 4249.012695
104.774002 4261.012695
381.398010 4249.012695
185.761993 4261.012695
302.246002 4249.012695
93.758003 4261.012695
126.194000 4261.012695
115.178001 4261.012695
343.862000 4249.012695
104.162003 4261.012695
378.950012 4249.012695
184.537994 4261.012695
489.721985 4249.012695
299.798004 4249.012695
93.146004 4261.012695
124.153999 4261.012695
113.138000 4261.012695
335.701996 4249.012695
102.122002 4261.012695
291.638000 4249.012695
551.737976 4249.012695
91.106003 4261.012695
123.542000 4261.012695
112.526001 4261.012695
333.253998 4249.012695
101.510002 4261.012695
368.342010 4249.012695
179.233994 4261.012695
289.190002 4249.012695
546.841980 4249.012695
90.494003 4261.012695
284.089996 4249.012695
472.178009 4249.012695
136.190002 4261.012695
114.769997 4261.012695
206.570007 4261.012695
100.489998 4261.012695
182.906006 4261.012695
67.442001 4261.012695
204.938004 4261.012695
78.458000 4261.012695
285.109985 4249.012695
89.473999 4261.012695
374.257996 4249.012695
181.274002 4261.012695
66.625999 4261.012695
203.306000 4261.012695
479.317993 4249.012695
289.394012 4249.012695
77.641998 4261.012695
557.245972 4249.012695
333.458008 4249.012695
88.657997 4261.012695
323.257996 4249.012695
533.174011 4249.012695
511.346008 4249.012695
155.774002 4261.012695
104.365997 4261.012695
52.754002 4261.012695
124.561996 4261.012695
226.154007 4261.012695
219.626007 4261.012695
121.297997 4261.012695
279.194000 4261.012695
467.282013 4249.012695
133.742004 4261.012695
110.281998 4261.012695
99.265999 4261.012695
66.218002 4261.012695
202.490005 4261.012695
77.234001 4261.012695
280.213989 4249.012695
88.250000 4261.012695
372.626007 4249.012695
98.449997 4261.012695
369.362000 4249.012695
178.826004 4261.012695
65.402000 4261.012695
200.858002 4261.012695
76.417999 4261.012695
547.453979 4249.012695
328.562012 4249.012695
87.433998 4261.012695
366.097992 4249.012695
177.194000 4261.012695
64.585999 4261.012695
199.225998 4261.012695
471.157990 4249.012695
281.234009 4249.012695
75.601997 4261.012695
367.730011 4249.012695
97.225998 4261.012695
364.466003 4249.012695
176.378006 4261.012695
64.178001 4261.012695
198.410004 4261.012695
75.194000 4261.012695
272.053986 4261.012695
86.209999 4261.012695
196.778000 4261.012695
466.261993 4249.012695
276.338013 4261.012695
74.377998 4261.012695
531.133972 4249.012695
510.325989 4249.012695
320.402008 4249.012695
85.393997 4261.012695
310.201996 4249.012695
498.290009 4249.012695
149.246002 4261.012695
101.101997 4261.012695
51.122002 4249.012695
213.098007 4261.012695
118.033997 4261.012695
107.017998 4261.012695
362.834015 4249.012695
311.221985 4249.012695
96.001999 4261.012695
195.962006 4261.012695
73.970001 4261.012695
267.157990 4261.012695
84.986000 4261.012695
359.570007 4249.012695
95.185997 4261.012695
194.330002 4261.012695
73.153999 4261.012695
521.341980 4249.012695
505.429993 4249.012695
315.506012 4249.012695
84.169998 4261.012695
192.697998 4261.012695
458.101990 4249.012695
268.178009 4261.012695
72.337997 4261.012695
104.977997 4261.012695
354.674011 4249.012695
93.961998 4261.012695
191.882004 4261.012695
71.930000 4261.012695
258.997986 4261.012695
82.945999 4261.012695
190.250000 4261.012695
453.205994 4249.012695
263.282013 4261.012695
71.113998 4261.012695
212.281998 4261.012695
497.269989 4249.012695
307.346008 4249.012695
82.129997 4261.012695
297.145996 4249.012695
485.234009 4249.012695
142.718002 4261.012695
103.753998 4261.012695
349.778015 4249.012695
298.165985 4249.012695
92.737999 4261.012695
189.434006 4261.012695
70.706001 4261.012695
211.466003 4261.012695
81.722000 4261.012695
339.578003 4249.012695
163.934006 4261.012695
125.377998 4261.012695
114.362000 4261.012695
340.597992 4249.012695
103.346001 4261.012695
296.533997 4249.012695
92.330002 4261.012695
81.314003 4261.012695
346.514008 4249.012695
91.921997 4261.012695
187.802002 4261.012695
69.889999 4261.012695
209.834000 4261.012695
492.373993 4249.012695
302.450012 4249.012695
80.905998 4261.012695
336.313995 4249.012695
559.286011 4249.012695
162.302002 4261.012695
127.825996 4261.012695
232.682007 4261.012695
292.250000 4249.012695
480.338013 4249.012695
140.270004 4261.012695
113.545998 4261.012695
102.529999 4261.012695
293.269989 4249.012695
91.514000 4261.012695
69.482002 4261.012695
209.018005 4261.012695
80.498001 4261.012695
186.169998 4261.012695
69.073997 4261.012695
426.278015 4249.012695
208.201996 4261.012695
101.713997 4261.012695
341.618011 4249.012695
90.697998 4261.012695
185.354004 4261.012695
68.666000 4261.012695
207.386002 4261.012695
79.681999 4261.012695
331.417999 4249.012695
549.494019 4249.012695
159.854004 4261.012695
123.337997 4261.012695
287.354004 4249.012695
137.822006 4261.012695
112.321999 4261.012695
332.437988 4249.012695
101.306000 4261.012695
288.373993 4249.012695
90.290001 4261.012695
556.021973 4249.012695
161.485992 4261.012695
332.846008 4249.012695
68.258003 4261.012695
79.274002 4261.012695
326.522003 4249.012695
539.702026 4249.012695
157.406006 4261.012695
122.113998 4261.012695
371.605988 4249.012695
111.098000 4261.012695
327.541992 4249.012695
100.082001 4261.012695
283.477997 4249.012695
89.066002 4261.012695
372.014008 4249.012695
78.050003 4261.012695
318.362000 4249.012695
523.382019 4249.012695
506.450012 4249.012695
153.326004 4261.012695
120.073997 4261.012695
464.221985 4249.012695
274.298004 4261.012695
131.294006 4261.012695
109.057999 4261.012695
319.381989 4249.012695
98.042000 4261.012695
275.317993 4261.012695
87.026001 4261.012695
76.010002 4261.012695
313.466003 4249.012695
513.590027 4249.012695
150.878006 4261.012695
118.849998 4261.012695
358.549988 4249.012695
107.834000 4261.012695
314.485992 4249.012695
96.818001 4261.012695
270.421997 4261.012695
85.802002 4261.012695
358.958008 4249.012695
74.786003 4261.012695
349.369995 4249.012695
168.830002 4261.012695
110.893997 4261.012695
239.210007 4261.012695
305.306000 4249.012695
493.394012 4249.012695
146.798004 4261.012695
116.809998 4261.012695
105.793999 4261.012695
306.325989 4249.012695
94.778000 4261.012695
262.261993 4261.012695
83.762001 4261.012695
72.746002 4261.012695
344.473999 4249.012695
166.382004 4261.012695
126.601997 4261.012695
300.410004 4249.012695
144.350006 4261.012695
115.585999 4261.012695
345.493988 4249.012695
104.570000 4261.012695
301.429993 4249.012695
93.554001 4261.012695
257.365997 4261.012695
82.538002 4261.012695
345.902008 4249.012695
71.522003 4261.012695
196.574005 4261.012695
51.529999 4249.012695
187.393997 4261.012695
447.493988 4249.012695
257.570007 4261.012695
69.685997 4261.012695
204.529999 4261.012695
55.813999 4261.012695
226.561996 4261.012695
61.321999 4261.012695
172.705994 4261.012695
355.286011 4249.012695
182.498001 4261.012695
50.306000 4249.012695
105.589996 4261.012695
188.210007 4261.012695
51.734001 4249.012695
181.682007 4261.012695
102.325996 4261.012695
344.066010 4249.012695
91.309998 4261.012695
56.834000 4261.012695
208.610001 4261.012695
489.925995 4249.012695
300.002014 4249.012695
80.293999 4261.012695
51.326000 4249.012695
186.578003 4261.012695
69.278000 4261.012695
56.425999 4261.012695
206.977997 4261.012695
50.917999 4249.012695
184.945999 4261.012695
68.461998 4261.012695
286.537994 4249.012695
474.626007 4249.012695
137.414001 4261.012695
207.794006 4261.012695
56.222000 4261.012695
206.162003 4261.012695
79.070000 4261.012695
339.170013 4249.012695
90.085999 4261.012695
50.714001 4249.012695
184.130005 4261.012695
68.054001 4261.012695
117.625999 4261.012695
353.653992 4249.012695
106.610001 4261.012695
309.589996 4249.012695
95.594002 4261.012695
265.526001 4261.012695
84.578003 4261.012695
481.765991 4249.012695
291.842010 4249.012695
78.253998 4261.012695
67.237999 4261.012695
373.441986 4249.012695
180.865997 4261.012695
66.421997 4261.012695
375.074005 4249.012695
50.102001 4249.012695
55.202000 4261.012695
202.082001 4261.012695
476.869995 4249.012695
286.946014 4249.012695
77.029999 4261.012695
552.349976 4249.012695
331.010010 4249.012695
88.045998 4261.012695
371.809998 4249.012695
180.050003 4261.012695
66.014000 4261.012695
320.809998 4249.012695
528.278015 4249.012695
508.898010 4249.012695
154.550003 4261.012695
120.685997 4261.012695
276.746002 4261.012695
464.834015 4249.012695
132.518005 4261.012695
109.669998 4261.012695
321.829987 4249.012695
98.653999 4261.012695
76.622002 4261.012695
277.765991 4261.012695
87.638000 4261.012695
54.793999 4261.012695
200.449997 4261.012695
473.605988 4249.012695
283.682007 4249.012695
76.213997 4261.012695
368.545990 4249.012695
178.417999 4261.012695
65.197998 4261.012695
370.178009 4249.012695
97.837997 4261.012695
54.590000 4261.012695
199.634003 4261.012695
75.806000 4261.012695
542.557983 4249.012695
326.114014 4249.012695
86.821999 4261.012695
366.914001 4249.012695
177.602005 4261.012695
64.790001 4261.012695
315.914001 4249.012695
518.486023 4249.012695
504.002014 4249.012695
152.102005 4261.012695
119.461998 4261.012695
316.933990 4249.012695
97.430000 4261.012695
75.398003 4261.012695
272.869995 4261.012695
86.414001 4261.012695
64.382004 4261.012695
536.437988 4249.012695
156.589996 4261.012695
193.106003 4261.012695
52.958000 4261.012695
215.138000 4261.012695
58.466000 4261.012695
237.169998 4261.012695
531.338013 4249.012695
63.973999 4261.012695
183.722000 4261.012695
67.849998 4261.012695
205.753998 4261.012695
484.213989 4249.012695
294.290009 4249.012695
78.865997 4261.012695
367.321991 4249.012695
177.806000 4261.012695
214.322006 4261.012695
199.837997 4261.012695
236.354004 4261.012695
199.022003 4261.012695
125.989998 4261.012695
319.993988 4249.012695
526.645996 4249.012695
508.082001 4249.012695
154.141998 4261.012695
190.658005 4261.012695
52.346001 4249.012695
176.173996 4261.012695
212.690002 4261.012695
57.854000 4261.012695
406.286011 4249.012695
198.205994 4261.012695
234.722000 4261.012695
521.546021 4249.012695
63.362000 4261.012695
362.425995 4249.012695
175.358002 4261.012695
114.157997 4261.012695
197.389999 4261.012695
233.906006 4261.012695
189.026001 4261.012695
51.938000 4249.012695
211.057999 4261.012695
57.445999 4261.012695
233.089996 4261.012695
515.018005 4249.012695
62.953999 4261.012695
370.993988 4249.012695
179.641998 4261.012695
65.809998 4261.012695
201.673996 4261.012695
315.097992 4249.012695
516.854004 4249.012695
503.186005 4249.012695
151.694000 4261.012695
359.161987 4249.012695
173.725998 4261.012695
210.242004 4261.012695
401.390015 4249.012695
195.757996 4261.012695
232.274002 4261.012695
62.750000 4261.012695
194.942001 4261.012695
123.949997 4261.012695
499.921997 4249.012695
150.061996 4261.012695
230.641998 4261.012695
62.341999 4261.012695
354.265991 4249.012695
171.278000 4261.012695
193.309998 4261.012695
229.826004 4261.012695
360.182007 4249.012695
467.894012 4249.012695
229.009995 4261.012695
61.933998 4261.012695
306.937988 4249.012695
495.026001 4249.012695
147.613998 4261.012695
169.645996 4261.012695
393.230011 4249.012695
191.677994 4261.012695
228.194000 4261.012695
61.730000 4261.012695
190.862000 4261.012695
227.378006 4261.012695
195.145996 4261.012695
302.041992 4249.012695
490.130005 4249.012695
145.166000 4261.012695
346.105988 4249.012695
167.197998 4261.012695
203.714005 4261.012695
55.610001 4261.012695
388.334015 4249.012695
189.229996 4261.012695
225.746002 4261.012695
61.118000 4261.012695
188.414001 4261.012695
224.113998 4261.012695
60.709999 4261.012695
328.970001 4249.012695
544.598022 4249.012695
158.630005 4261.012695
122.725998 4261.012695
474.829987 4249.012695
284.906006 4249.012695
136.598007 4261.012695
374.053986 4249.012695
111.709999 4261.012695
329.989990 4249.012695
100.694000 4261.012695
67.646004 4261.012695
78.662003 4261.012695
285.925995 4249.012695
89.678001 4261.012695
341.209991 4249.012695
164.750000 4261.012695
186.781998 4261.012695
223.298004 4261.012695
454.838013 4249.012695
222.481995 4261.012695
60.301998 4261.012695
281.641998 4249.012695
469.730011 4249.012695
134.966003 4261.012695
99.877998 4261.012695
66.830002 4261.012695
77.846001 4261.012695
282.661987 4249.012695
88.862000 4261.012695
163.117996 4261.012695
380.174011 4249.012695
185.149994 4261.012695
221.666000 4261.012695
60.098000 4261.012695
324.074005 4249.012695
534.806030 4249.012695
156.182007 4261.012695
121.501999 4261.012695
369.157990 4249.012695
110.486000 4261.012695
325.093994 4249.012695
99.470001 4261.012695
77.438004 4261.012695
281.029999 4249.012695
530.521973 4249.012695
88.454002 4261.012695
184.334000 4261.012695
220.850006 4261.012695
198.001999 4261.012695
54.181999 4261.012695
220.033997 4261.012695
59.689999 4261.012695
188.617996 4261.012695
449.941986 4249.012695
260.018005 4261.012695
70.297997 4261.012695
333.049988 4249.012695
552.757996 4249.012695
160.669998 4261.012695
197.186005 4261.012695
53.978001 4261.012695
219.218002 4261.012695
59.486000 4261.012695
195.554001 4261.012695
53.570000 4261.012695
217.585999 4261.012695
59.077999 4261.012695
328.153992 4249.012695
542.966003 4249.012695
158.222000 4261.012695
53.366001 4261.012695
372.217987 4249.012695
180.253998 4261.012695
216.770004 4261.012695
468.709991 4249.012695
278.786011 4261.012695
74.989998 4261.012695
207.182007 4261.012695
193.921997 4261.012695
53.161999 4261.012695
441.782013 4249.012695
215.953995 4261.012695
58.669998 4261.012695
365.282013 4249.012695
96.613998 4261.012695
74.582001 4261.012695
269.605988 4261.012695
85.598000 4261.012695
500.941986 4249.012695
311.018005 4249.012695
149.654007 4261.012695
118.237999 4261.012695
356.101990 4249.012695
107.222000 4261.012695
312.037994 4249.012695
96.206001 4261.012695
74.174004 4261.012695
267.973999 4261.012695
85.190002 4261.012695
463.813995 4249.012695
273.890015 4261.012695
73.765999 4261.012695
526.237976 4249.012695
507.877991 4249.012695
317.954010 4249.012695
84.781998 4261.012695
373.238007 4249.012695
191.473999 4261.012695
52.549999 4249.012695
213.505997 4261.012695
58.057999 4261.012695
307.753998 4249.012695
495.842010 4249.012695
148.022003 4261.012695
117.421997 4261.012695
106.405998 4261.012695
308.773987 4249.012695
95.389999 4261.012695
73.358002 4261.012695
264.709991 4261.012695
84.374001 4261.012695
182.089996 4261.012695
67.033997 4261.012695
357.122009 4249.012695
94.573997 4261.012695
72.542000 4261.012695
516.445984 4249.012695
502.981995 4249.012695
313.058014 4249.012695
83.557999 4261.012695
117.014000 4261.012695
351.205994 4249.012695
105.998001 4261.012695
307.141998 4249.012695
94.982002 4261.012695
263.078003 4261.012695
83.966003 4261.012695
346.921997 4249.012695
167.606003 4261.012695
127.213997 4261.012695
302.858002 4249.012695
490.946014 4249.012695
145.574005 4261.012695
116.197998 4261.012695
347.941986 4249.012695
105.181999 4261.012695
303.877991 4249.012695
94.166000 4261.012695
72.134003 4261.012695
259.813995 4261.012695
83.150002 4261.012695
120.278000 4261.012695
364.261993 4249.012695
109.262001 4261.012695
320.197998 4249.012695
98.246002 4261.012695
276.134003 4261.012695
520.729980 4249.012695
87.230003 4261.012695
375.481995 4249.012695
181.886002 4261.012695
455.653992 4249.012695
265.730011 4261.012695
71.725998 4261.012695
200.654007 4261.012695
352.226013 4249.012695
93.349998 4261.012695
71.318001 4261.012695
256.549988 4261.012695
82.334000 4261.012695
342.026001 4249.012695
165.158005 4261.012695
487.885986 4249.012695
297.962006 4249.012695
143.126007 4261.012695
114.973999 4261.012695
343.045990 4249.012695
103.958000 4261.012695
298.981995 4249.012695
92.942001 4261.012695
70.910004 4261.012695
81.926003 4261.012695
450.757996 4249.012695
260.834015 4261.012695
70.501999 4261.012695
494.821991 4249.012695
304.898010 4249.012695
81.517998 4261.012695
294.697998 4249.012695
482.786011 4249.012695
141.494003 4261.012695
103.141998 4261.012695
295.717987 4249.012695
92.125999 4261.012695
70.094002 4261.012695
81.110001 4261.012695
333.865997 4249.012695
554.390015 4249.012695
161.078003 4261.012695
289.802002 4249.012695
477.890015 4249.012695
139.046005 4261.012695
112.933998 4261.012695
334.885986 4249.012695
101.917999 4261.012695
290.821991 4249.012695
90.902000 4261.012695
335.294006 4249.012695
68.870003 4261.012695
79.886002 4261.012695
122.930000 4261.012695
374.869995 4249.012695
111.914001 4261.012695
330.806000 4249.012695
100.898003 4261.012695
476.665985 4249.012695
286.742004 4249.012695
541.945984 4249.012695
89.882004 4261.012695
337.130005 4249.012695
162.710007 4261.012695
124.765999 4261.012695
113.750000 4261.012695
338.149994 4249.012695
102.734001 4261.012695
294.085999 4249.012695
556.633972 4249.012695
91.718002 4261.012695
80.702003 4261.012695
209.630005 4261.012695
120.889999 4261.012695
366.709991 4249.012695
109.874001 4261.012695
322.645996 4249.012695
98.858002 4261.012695
278.582001 4261.012695
525.625977 4249.012695
87.842003 4261.012695
460.549988 4249.012695
270.626007 4261.012695
72.949997 4261.012695
203.102005 4261.012695
