5.910000 5.850000
5.850000 5.910000
5.790000 5.850000
4.470000 4.770000
5.670000 5.910000
4.350000 4.650000
5.550000 5.910000
5.430000 5.790000
5.310000 5.670000
5.190000 5.610000
5.070000 5.430000
4.950000 5.310000
4.830000 5.190000
4.710000 5.010000
4.590000 4.950000
4.230000 4.530000
4.110000 4.350000
3.330000 3.570000
3.930000 4.170000
3.810000 4.050000
3.750000 3.990000
3.090000 3.330000
3.690000 3.930000
3.030000 3.270000
3.630000 3.870000
3.570000 3.810000
3.510000 3.750000
3.270000 3.510000
3.450000 3.690000
2.850000 3.030000
3.390000 3.630000
2.790000 2.970000
3.210000 3.450000
2.610000 2.790000
3.150000 3.390000
2.550000 2.730000
2.970000 3.210000
2.370000 2.550000
2.670000 2.850000
2.070000 2.190000
1.290000 1.350000
1.590000 1.710000
-0.510000 -0.570000
5.010000 5.370000
1.170000 1.230000
1.470000 1.530000
-0.450000 -0.510000
4.530000 4.830000
1.350000 1.410000
1.050000 1.110000
0.990000 1.050000
0.930000 0.990000
0.870000 0.870000
0.810000 0.810000
0.750000 0.750000
0.690000 0.690000
0.630000 0.630000
1.650000 1.770000
1.950000 2.070000
0.570000 0.570000
1.530000 1.590000
1.830000 1.950000
0.510000 0.510000
0.450000 0.450000
-1.770000 -1.950000
0.390000 0.390000
-1.230000 -1.350000
0.330000 0.330000
2.490000 2.670000
0.270000 0.270000
0.210000 0.210000
1.410000 1.470000
1.710000 1.830000
4.170000 4.470000
0.150000 0.150000
0.090000 0.030000
3.990000 4.290000
-4.290000 -4.650000
0.030000 -0.030000
-0.090000 -0.150000
-0.630000 -0.690000
4.770000 5.130000
-2.490000 -2.730000
-0.210000 -0.270000
-0.270000 -0.330000
-0.390000 -0.450000
-1.530000 -1.650000
-1.830000 -2.010000
-0.330000 -0.390000
-1.650000 -1.830000
-1.950000 -2.130000
4.290000 4.590000
-0.570000 -0.630000
3.870000 4.170000
5.250000 5.610000
-0.690000 -0.750000
-5.010000 -5.370000
-1.170000 -1.290000
-1.470000 -1.590000
-1.290000 -1.410000
-1.590000 -1.710000
-4.170000 -4.470000
-0.150000 -0.210000
-1.410000 -1.530000
-1.710000 -1.890000
1.110000 1.170000
-1.890000 -2.070000
-2.670000 -2.910000
-2.070000 -2.250000
-2.970000 -3.210000
-2.370000 -2.550000
-3.210000 -3.450000
-2.610000 -2.850000
5.130000 5.550000
-2.730000 -2.970000
5.370000 5.730000
-3.390000 -3.630000
-2.790000 -3.030000
-0.870000 -0.990000
5.490000 5.850000
-3.450000 -3.690000
-2.850000 -3.090000
4.410000 4.710000
5.610000 5.910000
-2.310000 -2.490000
-2.910000 -3.150000
-0.750000 -0.870000
5.730000 5.850000
-3.630000 -3.930000
-3.030000 -3.270000
-3.690000 -3.990000
-3.090000 -3.330000
-2.550000 -2.790000
-3.150000 -3.390000
1.770000 1.890000
-3.270000 -3.510000
-1.350000 -1.470000
-1.050000 -1.170000
-3.930000 -4.230000
-3.330000 -3.630000
-3.510000 -3.810000
2.010000 2.130000
-3.570000 -3.870000
-1.110000 -1.230000
1.890000 2.010000
2.910000 3.090000
2.310000 2.490000
-3.870000 -4.170000
-4.050000 -4.350000
2.130000 2.250000
-0.810000 -0.930000
-4.230000 -4.530000
2.190000 2.370000
-3.750000 -4.050000
-5.550000 -5.910000
-4.350000 -4.710000
2.730000 2.910000
-5.670000 -5.910000
-4.470000 -4.830000
2.250000 2.430000
-3.810000 -4.110000
-5.610000 -5.970000
-4.410000 -4.770000
-4.530000 -4.830000
-5.490000 -5.910000
-4.650000 -5.010000
-5.850000 -5.910000
-5.730000 -5.910000
-4.710000 -5.070000
-5.910000 -5.970000
-5.070000 -5.430000
2.430000 2.610000
-0.030000 -0.090000
-3.990000 -4.290000
-4.770000 -5.130000
4.890000 5.250000
-5.970000 -6.030000
5.970000 5.910000
-0.930000 -1.050000
4.050000 4.350000
1.230000 1.290000
-2.130000 -2.310000
-5.130000 -5.550000
4.650000 5.010000
-2.430000 -2.670000
-5.250000 -5.610000
-2.250000 -2.430000
-5.370000 -5.790000
-5.790000 -5.850000
-4.590000 -4.950000
-5.430000 -5.790000
-4.830000 -5.190000
-5.190000 -5.550000
-4.950000 -5.370000
-2.010000 -2.190000
-4.890000 -5.250000
-2.190000 -2.370000
-0.990000 -1.110000
-4.110000 -4.410000
-5.310000 -5.730000
